9.7
-11.433962264150944
-0.8888888888888888
966.1839999999999
8.333333333333334
824.5090909090909
261.0
29.0
8.0
25.0
6.444444444444445
1499.8
139.0
168.0
0.005
42.0
1.6
6.0
150.0
600.0
0.95
60.0
20000.0
no answer
527.9999999999999
33.75
0.8
250.0
567.0
16.0
19.0
3.0
24.0
10.0
0.2
1.0
8.0
0.037384615384615384
1.9166666666666667
60.0
0.02
144.0
140.0
8.94
3050.0
12.0
475.99999999999994
4.0
0.75
0.6666666666666667
18.0
86.6
17.0
13650.0
4800.45
0.32786885245901637
1200.0
90.0
567.0
242.0
30.0
160.0
40.0
-0.5514705882352942
8.0
0.1875
364.0
30.0
41.472
12.0
2.4
1800.0
20.0
9.3
0.6666666666666666
27.0
62.5
12.0
28.8
2.0
28.0
140.0
16.0
7.0
12.0
-37.36607142857143
121.00000000000001
1.0
2640.0
1205.0
450.0000000000001
-19.0
10.000000000000002
120.0
2080.0
970.0
0.08333333333333333
-149.981
49.0
33.0
101.66666666666666
9.433962264150944
no answer
960.0
-4.75
24.0
330.0
96.0
72.0
18.0
245.0
11.999999999999995
112500.0
1290.0
0.4
255.2
no answer
775.0
86.0
25.200000000000003
380.0
-262.29508196721315
200.0
35.0
27.0
27.0
685.7142857142857
998.0
254.0
450.0
0.1428571428571429
-230.0
12.0
100.0
0.39999999999999997
1560.0
726.0
480.0
3.2
106.0
60.0
200.0
400.0000000000001
24.0
7.8
3141.0
3000.0
0.0024937655860349127
84.0
24.0
85.0
16.0
2.5
90.00000000000001
0.0055000000000000005
0.0010812500000000002
59.99999999999999
60.0
20.8
7.0
320.16
324.0
19.933554817275763
12.0
50.0
628.0
-42.75
608.0
40.0
199.0
258.8380952380952
170.0
7.0
114.0
no answer
20000.0
1.9200000000000017
1.6666666666666667
10.0
0.6666666666666666
-75.0
5394.0
5700.0
64000.0
150.0
1638.0
140.0
3.652
42.0
180.0
1111.5
18.0
1632.0
9000.0
0.08256880733944949
80.0
42.0
1800.0
0.24861878453038674
59.0
64.0
60.0
17.0
30.0
280.22222222222223
121.0
-75.00000000000001
2040.0
3270.0
5.333333333333333
5.0
6.0
8.470588235294118
20.0
-708.0
0.7407407407407408
6500.0
-6.5
-30.0
-42.666666666666664
-6.208333333333333
6060.0
223.0
52487027.999999985
1.4285714285714286
0.5555555555555556
50.0
0.5
0.2
1.3333333333333333
no answer
1.6666666666666665
473.0
0.55
47.0
2.9999999999999996
40.0
4.5
0.5555555555555556
14.000000000000002
1.5
195.0
177.77777777777783
145.0
1.2
0.015
-1160.25
1.0
924.0
16.0
72.0
20.0
3.1500000000000004
18.0
15.0
-1.3113553113553114
0.024999999999999994
-12.0
-7.0
25.0
-145.60000000000002
0.2
150.0
7.0
81.0
144.0
40.0
16.0
0.8888888888888888
39.0
700.0
0.2
-119.99999999999997
1.675
no answer
330.0
9.0
625.0
2.0
-75.0
150.0
1260.0
7637.0
0.58
6.875
132.0
1.0
200.0
no answer
432.16080402010044
161.7
75.0
61880.0
70.0
114.06944444444444
-1.2885714285714287
38.0
200.0
0.875
32.0
400.0
6.0
2.3999999999999986
210.0
0.015625000000000003
10.0
4.571428571428571
-4.6875
5.0
25.000000000000007
39.8
399.0
-0.8219178082191781
11110.0
5.4
7.0
528.0
-81.0
240.0
-50.0
9.0
13.333333333333334
0.8
-14.999999999999998
0.22222222222222215
-13.966666666666667
9.0
4235.294117647059
0.9302325581395349
47.5
60.0
7.666666666666667
7.5
340.2
-363.0
-2480.0
11.999999999999996
42.25
17.200000000000003
0.018000000000000002
0.005
350.0
0.08333333333333348
-0.012987012987012986
0.67
0.2
130.0
-1.875
11.0
32.0
97.75
972.0
2496.0
19.444444444444446
0.025
-56.0
8.0
80.0
64000.0
1014.0
2400.0
0.2
2.53125
74.25
387.0
16.0
16.0
0.625
600.0
1125.9259259259259
40.0
0.20454545454545453
58.0
16.0
60.0
-4.699999999999999
14400.0
1764.0
21.0
-1401.04
0.8333333333333333
165.0
559.0
90.0
9.0
20.0
115.5
15.3125
9.0
404.0
359.99999999999994
18.0
108.00000000000001
0.39999999999999997
510.0
20.0
24.0
30.625
60.0
85.0
180.0
0.3
6.0
150.0
1200.0
1.5
10.0
16.0
-4.5600000000000005
50.0
16.0
6.0
9.0
300.0
37600.0
0.5714285714285714
725.0
0.2
1000.0
18.0
100.9375
16.0
190.0
8.772151898734178
7200.0
no answer
96.0
4610.0
6.5
0.4
46435.18518518519
8.0
7.0
344.0
25.0
255.0
27.0
0.8
2415.0
240.0
48.0
179.0
25.0
60.0
463.0
5100.0
50.0
0.5625
0.25
0.4166666666666667
0.2
3.0
1019.8
80.0
108.0
45.0
1.2
863.0
25.0
15.0
0.9600000000000009
0.8333333333333334
-5.091649694501018
-27.7
12.0
468.0
25.0
-3.7777777777777777
0.6
0.5714285714285714
180.0
28.0
18.0
32.0
-63.900000000000006
720.0
1.8461538461538463
4.22
0.07142857142857142
0.45
15.0
250.0
no answer
196.0
45.0
3.74
15034.87
1000.0
0.3076923076923077
270.0
1000.0
1.9473684210526316
34.0
53.0
60.0
0.020000000000000004
121.5
9.0
6.0
180.0
3.8
64.0
157.0
8400.0
7.875
27.200000000000003
60.0
170.0
4.0
1.25
717.0
100.0
2.5
0.4
-0.03895071542130365
6.0
8190.0
no answer
28.0
-54.64
30.0
2898.0
380.0
32000.0
0.047619047619047616
1065.0
28.0
5.0
0.019230769230769232
70.0
16.0
1096.0
0.19999999999999973
171.05263157894737
1.0
0.02
-0.12
324.0
3000.0
5.0
130.11
0.0
23.999999999999993
2.5
7980.0
5.0
no answer
14.416666666666666
22.5
2.0
0.5
4050.0
760.0
62.800000000000004
0.33201581027667987
-14.857142857142858
65.0
0.5333333333333334
604.0
199.99999999999997
0.6190476190476191
60.0
4.0
1.3333333333333333
13320.0
-74.0
5.651999999999999
770.0
56.0
0.8727272727272727
16.666666666666668
18.823529411764707
53.0
28.0
1080.0
0.02531645569620253
4875.0
258.0
13811.0
70.0
60.0
1.35
404.84444444444443
60.0
0.2272727272727273
0.2
1.2738853503184713
9.0
3.15
39.0
1.3333333333333333
360.6
0.050925925925925916
39.199999999999996
125.60000000000001
8.0
1.3611111111111112
1.8000000000000003
-14999.999999999987
0.8333333333333333
56.00000000000001
0.09999999999999964
12.0
6.0
13.559999999999999
120.0
160.0
17.0
-93.33333333333331
2216.4449999999997
7333.333333333333
41.0
144.0
-190.0
0.8
12.0
0.0018
-200.4
15.0
-69.0
156.0
-180.0
64.33333333333333
190.0
2980.0
3.4925925925925925
2800.0
23.999999999999986
no answer
25.0
3.125
1.2333333333333334
7.2
94.0
1.76
0.002
no answer
2160.0
153.0
no answer
-87519.0
360.0
1.2
58.5
360.0
30.0
-25.0
15.0
75.0
74.0
26.5
270.0
3860.0
18.0
12.0
240.0
280.0
-31.5
68.53999999999999
11.25
-137.0
12.0
no answer
7.199999999999998
10.0
9.1
1.7360000000000002
55.0
0.26
63.0
-0.002916666666666667
1.5
32.0
29.0
512.5
307.6923076923076
72.0
0.8888888888888888
6.0
0.026315789473684206
7.777777777777778
289.0
0.8125
7.111111111111111
4000.0
36.66666666666667
9.0
5.714285714285714
0.9911894273127754
29.999999999999996
96.0
7.0
150.0
no answer
7.84
5.5
130.0
18840000.0
-0.7448818897637794
0.006944444444444444
0.05
38.0
4116.0
20.0
15.0
150.0
231111.11111111112
49.9999999999981
942.0
2.080000000000001
2500.0
2540.0
500.0
288.0
no answer
0.7916666666666666
54.0
14.5
36.0
31550.72
-60.0
no answer
0.15
30.0
36.36363636363636
3.8000000000000003
9.0
30.0
13.0
26.53
228.0
198.0
560.0
7.5
10.8
22.5
45.0
11.0
60.0
105.0
-0.6476190476190476
0.4
11.0
0.7697368421052632
46.0
-372.0
45.0
576.0
640.0
72.0
52.0
49.0
12.0
-191.33333333333334
540.0
330.0
280.0
1.4551915228366852e-11
20.12
-11.25
6.374999999999999
0.3571428571428571
2.5
2.0
19.0
2.8
13.33
400.0
9.0
792.0
228.0
64.0
144.0
1880.0
-0.23076923076923078
0.08333333333333337
2.7
3.0
39.99999999999999
198000.72
365.0
27.0
200.0
3.0
235.0
180.0
10.3
8.0
1200.0
14.4
0.3
0.11428571428571428
-171.0
32400000.0
709.0
300.0
60.0
55.0
20.0
0.06666666666666676
80.0
-0.2777777777777777
5999.900000000001
0.75
20.0
24.0
6.055555555555555
0.08
8.0
577.0
27.0
0.42000000000000004
94.0
192.0
0.7
81.0
4.0
190.0
23.0
0.023809523809523808
0.06999999999999999
200.0
909.9999999999999
32640.0
1.6666666666666665
126.00000000000001
4179650.0
0.050828571428571424
192.96
23.333333333333332
640.0
35.0
1200.0
0.2
220.0
5.0
800.25
2.0
0.6400000000000001
46.15384615384615
3.0
320.0
9016.0
7.0
3.0
2999.9999999999995
-14.0
2500.0
-100.0
90.0
0.95
441.0
5.0
4.0
38.400000000000006
1.098469387755102
1440.0
0.33333333333333337
0.05
26.666666666666664
170.66666666666666
30.0
20.666666666666668
0.375
2.5
300.00000000000006
2.1333333333333333
5415.0
no answer
6.880952380952381
14.0
67.0
3.0
93.0
630.0
0.33333333333333337
92.0
629.9999999999999
120.0
57.0
120.0
6.0
14.999999999999998
no answer
922.0
734.0
-143.5
720.0
0.8333333333333333
4.5
54.0
827.0
24.665000000000003
96.4
160.0
1214.0
no answer
380.0
50.0
614.0
4.0
11428.0
99.99999999999999
0.7499999999999999
5222.953555555555
90.0
6.43
45.0
1222.2222222222222
5621.0
89.99999999999994
150.0
109.0
-27.0
-76.0
425.0
120.0
120.0
784.0
51.0
72.0
0.5
1.6513761467889907
0.9900000000000001
30.0
-3776.0
4.0
20.0
52500.0
456.0
0.38
120.0
4.0
1.25
0.9953125
12000.0
26.666666666666668
5.0
51.0
3.7168141592920354
-6.0
2192.0
112.0
0.00256
0.1599999999999966
75.0
275.0
250.0
2076.0
12.06
-136.91
45.0075
-2.5
1.625
525.0
113.0
600.0
16.631999999999998
320.0
10650.0
28.8
132.8
30.0
25.0
2160.0
4.319999999999999
2750.0
2.1666666666666665
10.2
52.5
15.0
5250.0
23.999999999999996
26.0
66.0
5.0
4.000000000000001
65.7
8.0
71.0
35280.0
2.25
10100.000000000035
2016.0
6.666666666666667
-7890.0
6.5025
78.0
114.0
0.6
1.0
1.26
-16080.0
80.0
675.0
30.22222222222222
138.0
20.0
22.0
105.0
