9.7
4
9
546.104
36
360
261
29
8
25
517
1800
139
168
50
6
7.68
6
10
480
((29)/(20))
60
20000
5%
240
60
0.8
250
9
40
14
3
4((1)/(2))
10
20%
1
8
58
12
60
12
8
140
6.8
3050
12
476
4
((3)/(4))
((2)/(3))
44
86.6
17
13650
10200
84.375
1200
90
567
242
30
160
40
3600
8
57
364
30
0.8
12
2.4
60
20
9.3
6.5
36
550
12
81
10
36
140
16
7
20
0.05
121
((11)/(30))
2640
1205
450
100
10
120
2080
24
12
40
49
33
18
0.106
200
960
18
102
30
150
192
18
245
12
25
1290
5
24
7
775
86
37.8
380
((3200)/(3))
200
35
27
27
2100
1250
254
450
((1)/(7))
5760
12
100
((2)/(5))
1800
720
264
3.2
154
40
200
400
6
7.8
1000
1470
401
84
24
85
16
((2)/(5))
90
55
8.1
60
60
18
7
1280
324
120
12
((1)/(50))
628
16
2880
120
199
7535
170
7
114
((4)/(9))
20000
2
5
10
3
20
48
5700
64000
650
1638
140
2.826
42
180
1111.5
18
1632
9000
11
84
42
1800
4.8
59
64
60
17
10
360
121
25
2040
3270
((11)/(20))
5
6
3((1)/(5))
20
3485
8640
40
4.5
250
28
12((5)/(12))
280
336
300
((10)/(7))
((4)/(9))
50
2
25%
8
((1)/(4))
((5)/(3))
49
45%
47
2.4
40
4.5
((17)/(25))
14
1.5
195
1431
140
120%
100
27((3)/(4))
((5)/(8))
756
16
((8)/(9))
20
3.15
18
15
632
((1)/(40))
23
4
25
11
((1)/(5))
96
7
81
144
40
25
60
18
1050
20%
120
1((27)/(40))
35
330
9
625
20
45
150
1260
5341
((29)/(50))
6.875
132
2.5
200
((1)/(4))
8000
161.7
75
11
105
216
12.64
38
200
((7)/(8))
32
400
6
48
210
100
10
((32)/(7))
20
5
25
40((1)/(5))
399
48
11110
5.4
28
528
81
240
50
9
30
80%
15
4.5
25.7
9
3060
80
758
60
18
65%
30.06
122
2150
12
165
39.2
7.5
50
350
((1)/(12))
2.5
0.67
20%
130
10
11
20
5180
624
504
3
1000
56
8
80
64000
1014
24
20%
67.5
0.75
800
20
16
((5)/(8))
200
100
2
((99)/(484))
58
1
60
13.2
575
1764
21
800
((4)/(15))
165
1180
6
30
20
115.5
20
25%
404
360
18
40
210
510
20
150
40
60
85
2400
((3)/(10))
8
150
1200
2
50
6
6.28
50
16
6
9
300
12
((4)/(7))
725
5
1000
6
6
16
190
5.5
7200
25%
96
4610
6.5
1.6
66198
2
7
344
25
255
11
((4)/(5))
2415
240
48
179
19
60
463
5100
50
16
25%
((5)/(12))
80%
3
1019.8
80
112.5
45
((6)/(5))
863
25
15
600
80%
3168.2
2.4
12
468
25
6.9
((3)/(5))
((4)/(7))
180
28
18
11
82
720
360
4.22
6
45
15
250
125
4
45
237
((13)/(3000))
1000
52
270
1000
4.6
34
53
50
32
121.5
9
6
180
3.8
64
203
8400
12
100
40
230
4
4
717
100
2.5
83.75
47.9
6
8190
100.48
28
73.6
30
2898
5%
160
((1)/(20))
1065
15
5
52
70
4
1096
0.2
3250
81
200
12%
324
3000
5
9.6
36
24
2.5
7980
7
62.5%
48
36
2
((1)/(2))
2350
760
62.8
7
91
65
13
151
200
((13)/(21))
60
4
20
13320
74
5.652
770
56
2640
((50)/(3))
5440
240
28
135
25
4875
27
1973
70
60
60
468
60
((5)/(22))
0.2
1
9
((3)/(20))
39
0.75
540
((1)/(2))
39.2
125.6
8
((49)/(36))
5
600
((5)/(6))
56
0.1
75
6
1.5
120
160
86
40
2216.445
6000
35
144
((1)/(40))
0.8
12
18
146
15
52
156
30
69
190
2980
55.6
400
12
27
25
((25)/(3))
120
30
126
((44)/(25))
100
60
2160
153
((13)/(30))
7
360
1.2
12
600
30
25
24
75
11
26.5
270
3860
18
12
240
280
36
68.54
7.5
35
7
16
9
10
9.1
1.736
204
((1)/(6))
63
20
22.5
32
62
512.5
5000
108
((9)/(19))
((1)/(6))
39
5.5
289
18.75%
6
200
8
9
((343)/(3))
27
30
96
7
3
9
7.84
((11)/(2))
130
24
((7)/(150))
36
500
38
4116
20
15
150
52.78
50
471
30.52
125
2032
500
72
24
36
54
98
36
2
3
22
15%
30
400
0.175
5
30
13
26.53
228
200
560
7.5
16
40
45
11
60
105
((1)/(21))
((2)/(5))
11
24
46
8442
45
576
640
72
49.5
49
12
16
10
330
280
0
4
100
20.4
70
((3)/(5))
((1)/(3))
91
2.8
13.33
400
9
23
228
48
288
1880
4
((1)/(6))
2.7
3
200
43.6
365
100
400
3
235
225
10.3
8
1200
14.4
0.3
2((19)/(35))
20
18
709
300
10
55
20
((11)/(15))
80
3
4320
((3)/(4))
20
42
((109)/(18))
8%
8
435
27
0.42
94
192
((7)/(10))
81
4
190
23
42
0.07
200
130
510
((5)/(3))
180
5
0.001
200
((1)/(36))
640
35
1200
20%
220
5
720
6
3((2)/(5))
30
3
312
9016
7
2
3000
1300
625
50
90
((1)/(19))
441
5
4
57.6
210
1440
((1)/(3))
5%
60
280
30
480
((1)/(8))
2.5
300
4
362
706.5
2160
14
23
15
93
630
((2)/(3))
52
630
120
71
120
6
15
188.4
922
734
82
720
30
4.5
54
827
384
282
160
1214
((47)/(65))
380
50
386
15
11428
100
((3)/(4))
11700
90
16
45
4500
5621
90
150
135
15
24
425
120
120
544
51
72
7200
21.8
28.2
30
128
4
20
10
456
3800
120
4
((5)/(4))
((5)/(8))
4000
26((2)/(3))
45
51
25
72
528
112
4000
0.16
75
125
250
204
12.06
19.09
30
1450
((13)/(8))
945
113
600
1155
320
850
45
7.4
30
25
2880
4.32
50
12
12
840
15
5250
24
26
66
5
((4)/(9))
2.8
8
45
35280
2.25
10200
2016
((3)/(20))
1020
9
78
76
60%
1
1.26
520
7
45
18
138
20
3.92
105
