14941
16646
11153
10636
9698
14386
19600
20150
15754
2882
3753
12814
923
1986
5046
13786
11965
8517
14556
17204
14969
17583
3394
19725
13855
19601
5106
1579
21566
22702
18973
1828
13495
21293
15956
9271
5750
22598
10867
10572
10716
5781
11564
18978
14
6999
1252
17267
1413
4459
16192
5924
23123
14223
17288
2663
9460
14450
8248
7672
12396
18735
17286
7102
17423
20709
2887
22666
5933
16755
11897
12046
12766
12101
4135
5207
14372
7437
11880
16160
15852
16433
6289
18796
16409
23110
5347
20713
15336
2639
13403
11604
12161
16068
7376
19235
8317
7928
4662
20577
19225
21907
12473
22186
516
2000
7863
14846
402
22009
5918
10788
1760
9422
9461
3672
6695
6959
1397
2617
22200
11059
8667
15402
15297
21264
1293
6961
2322
11548
5484
12957
4747
19622
6588
11074
5155
22578
21818
859
15815
2851
20070
3174
4764
16733
8052
7650
19014
1361
9733
7913
22746
8754
213
3049
7429
10104
1115
4061
15275
12773
17997
23063
5034
17071
21611
8540
209
7074
3567
4622
15818
7890
7019
5603
14809
13809
6291
18845
21849
21656
6804
2843
13862
3288
3841
6137
4108
12542
14273
20535
18935
20669
11993
5571
13942
20435
650
6589
2180
10922
3490
4127
6917
13830
20748
4078
14046
20497
6020
334
10976
8989
573
4886
13114
5988
10682
15424
16667
17224
21320
17586
19257
14312
4754
14738
4179
1652
5488
15298
1983
4198
6777
16344
7585
16067
7641
19076
14009
19912
11904
5017
9639
21523
22522
17869
4188
8430
22096
7465
19643
1683
9908
10383
1172
13822
20657
3136
19406
4569
10491
9704
23125
11844
14837
6552
13958
19509
11322
12686
13982
1062
2212
7654
3962
17171
23064
21744
2449
12892
3802
14285
8283
5245
19788
10780
22791
14719
21403
6801
6251
10596
9960
18038
9200
9377
1803
14883
10755
9829
16911
19327
5712
1457
18111
13931
3390
16876
15035
4647
2324
13946
8342
17134
2185
3847
19000
22117
3886
16904
7979
12777
8693
16916
9154
6147
19539
7075
20051
10774
21346
6326
5617
18182
7957
17218
18314
4009
10720
12160
19748
18507
17416
1879
19381
7432
17892
2682
560
5956
13400
19031
19749
3340
20048
14958
22332
2163
6544
22972
4025
20804
7926
15910
11968
3830
12833
21479
13149
10428
3523
15440
14489
7291
6711
1161
8358
4818
15096
19029
15350
14575
5398
4587
4220
15074
8329
14991
18513
10510
17437
3166
15553
1749
4109
754
21364
18700
12189
97
9872
5569
4847
20544
4872
21754
11527
5894
11167
19146
15117
15927
5084
17462
22610
18231
2855
10028
7810
4515
1134
3807
13077
7261
22754
5042
9119
5029
5015
3369
4791
13033
20403
20113
16540
756
14835
11457
21130
18771
7827
5833
6084
3244
17512
14924
18528
14658
8678
16083
21580
132
15072
21311
7120
15456
16874
16400
22647
19184
17926
14773
15165
15319
7834
15326
9341
15696
6073
21707
22040
18538
16819
16423
1939
15902
22842
23019
9348
5631
3836
10036
23046
12135
21326
12290
7268
17868
6864
21391
16677
22637
18250
23098
13378
8653
9109
671
1173
6029
17718
7127
11925
22959
9759
2024
13689
15290
10327
12747
5185
5826
9631
7977
10971
2490
15991
20815
19357
9641
14180
19325
7183
8128
2262
15930
20590
13397
22073
8691
13649
20306
22446
15889
7870
21103
371
17872
9005
14664
7512
12791
340
16834
20904
13796
10283
9735
11524
16625
1830
7707
6098
4692
7289
622
13979
16441
5733
2159
16557
18128
4133
19004
10669
17994
8768
7981
22061
1859
22929
131
21129
10070
1614
1283
79
5083
1282
1419
12702
5584
9409
3558
22233
6022
8497
12169
18032
14641
15552
10085
17674
15384
14096
27
5815
8109
6539
11330
4718
6905
8619
4461
8066
17324
8181
20507
12397
16248
16519
16779
494
5891
2544
12337
665
9736
6705
16196
10784
16158
13997
1637
1028
22155
5680
12131
9657
13988
9416
9408
4304
1229
11225
21115
20793
20494
22887
20369
9881
16700
6737
17120
22807
3758
15296
5663
16991
4353
16630
17463
6508
6980
19132
6207
6685
18344
62
14631
2601
2411
19362
3564
12455
18982
16928
10021
17444
10073
7287
20476
18031
2352
5179
9761
7535
8
19084
5665
17779
2643
22341
5997
12841
2872
1524
18834
10286
13954
9068
13301
3603
14992
6833
12478
14225
17518
1737
16495
20399
5913
8489
3439
784
1484
1975
401
16477
13417
13691
626
6126
14936
19588
15356
21982
2413
11440
7460
13892
18048
4131
13875
4083
16835
3716
21227
5221
4326
10155
19946
18105
888
7782
17092
2656
5897
13443
23152
1685
15700
16627
14554
1401
16045
8702
4208
849
8076
20537
11611
5522
18521
10332
14946
10381
19498
6823
3907
9493
2766
6187
9511
23041
13611
1790
20597
13249
3398
3106
18498
6398
18065
15303
11891
8700
1705
21336
17242
14561
11024
4457
22619
4354
2494
11787
800
13178
8669
19468
9242
20716
18237
9474
10474
16926
15774
1118
15935
7663
9368
23146
10360
11430
1930
18222
17309
7042
8510
22270
13222
7173
13539
20550
10248
2570
7540
5500
6884
16328
9403
12601
14515
9114
6868
7282
21864
9031
6422
10258
462
18655
3796
8438
11948
7581
795
19942
10013
18325
17060
13104
13633
3817
1051
22271
18657
558
19521
7298
4759
22462
5920
1461
5795
22649
22045
16096
15027
5068
16636
9265
14466
9401
3766
11034
21586
4522
14923
10298
20663
22291
8356
12639
15508
19443
312
3583
16792
18025
21254
20456
12123
11824
17085
21522
13612
15344
22458
13418
11594
13469
19353
2949
3711
3819
4740
1704
13307
2715
12775
21583
16111
14861
7001
522
17353
7157
13432
4786
8652
6778
1536
810
20300
7096
10476
3635
2805
9363
2975
1169
12906
4339
5435
14988
5064
5480
12640
14692
11853
15669
14853
628
22967
14437
14639
17034
23031
20876
4957
16224
19807
17082
7578
8846
20033
18920
4665
3505
19605
11553
16021
14371
12252
10412
20468
20707
16421
18569
5423
9667
2252
18767
10906
15476
6300
19948
13405
3924
12108
3199
12828
8123
7273
6212
21616
16022
8895
20182
18958
6396
21980
14470
6505
8370
9082
17271
9020
21028
2559
22871
67
14876
13884
13365
22963
7740
4602
7734
14578
14418
19316
984
6512
11567
10811
4436
4102
12734
13945
22362
7720
14689
22050
12034
10044
8996
16258
5087
18704
11388
7488
14159
2969
7262
6847
21191
8401
4270
21584
21095
6924
15727
1141
7611
8637
22088
3914
5230
10123
12278
5286
9864
21793
15259
21629
1324
20764
15346
20064
1599
440
5309
20320
10345
11887
5307
20564
8443
19352
1422
6910
22421
5482
6942
13789
9064
3193
20237
18608
606
13941
16598
13525
12295
21721
9034
17571
15549
1412
14560
10514
2800
4194
14736
7227
289
22305
18460
10966
8843
17367
5778
4753
5724
5147
4312
17686
167
1690
20231
19626
4920
10135
14199
11193
10396
22801
191
22785
12586
13706
10889
9946
7883
10897
1913
6890
16995
6225
1136
18835
372
6478
965
13224
8282
14013
22553
23079
5249
15620
9437
17580
12711
7633
17520
8291
23109
17404
1011
4325
21137
2736
21563
17624
11209
15921
15352
5810
22420
163
12260
961
7222
17627
778
9789
6222
5900
2858
22058
14093
22620
22949
18951
19470
14405
13014
7244
4390
12894
9353
11682
2178
15300
5117
10695
11815
14256
7060
19156
16278
13956
18643
13857
5073
10910
11928
15383
18533
18688
6820
20031
2437
5794
18906
5493
17300
5195
13721
4608
8024
10814
21464
14314
87
14368
12055
9260
14430
11040
18560
17741
22935
18828
13839
436
22933
17159
8431
18868
16671
2038
14072
11197
4711
719
17141
13815
10661
12379
6184
7489
6189
3458
8103
22894
3883
17995
5984
4387
17861
6613
20967
10915
17117
14140
14948
8953
4701
10604
16752
21598
417
3858
11257
10411
13027
2789
6192
18778
9935
5353
15159
18779
16594
20207
10278
10699
15876
19666
2400
19283
4824
7216
13714
22328
21416
15982
20338
10269
19439
16780
15378
608
16453
2786
11906
3665
91
13684
860
14036
22782
15637
17730
18412
1368
13294
15481
3507
18881
20437
1887
1117
1971
5489
8083
2240
18368
15480
22368
22338
7306
11001
12011
7300
17977
7574
21484
13754
19116
15565
5126
10391
7457
13801
22608
10530
394
4423
2864
17103
8986
21350
19646
17442
3844
18417
6486
22624
19329
9076
21068
17876
17162
20400
7494
16634
8450
8221
2068
20947
12339
5842
20841
5125
12934
17097
8721
13489
11470
12437
7497
959
2440
6707
16211
10680
17491
10729
12955
11242
7632
2427
6958
9658
20005
21382
7558
11749
20941
22671
7835
3427
7318
6739
12835
11681
6809
23045
7934
10128
19164
17717
7069
13758
22521
21030
19618
17285
9654
10424
4645
8338
12552
2242
11199
15652
9857
23088
17877
6931
10438
1085
11148
15457
7065
4877
14619
15860
4310
2530
13030
5133
8155
10038
18471
2428
242
500
4885
12121
18370
16669
10777
1751
2866
4252
22819
16787
22546
2235
18173
7209
19621
21939
19025
6350
2029
3248
4282
21931
13693
11140
11999
18946
20949
13483
18550
17339
10594
9383
15737
19160
15716
5849
19983
11459
15102
13113
19369
10921
1593
7930
6015
2405
16494
5037
22107
1869
12863
17594
9913
5856
20606
22865
18514
18983
10586
3140
13355
11226
5671
14277
20522
18924
6617
980
18942
1163
19952
21047
14995
2809
7941
11827
7369
3127
5561
9238
2599
1281
21662
2684
3498
6059
12310
8030
1153
14250
9452
9232
12477
9048
18057
2008
3940
15033
7859
3344
17132
13699
2486
8290
17766
2046
3384
20613
13743
20406
21529
19440
2834
1314
10854
14378
20174
15540
15936
3919
19799
7149
5485
9703
11156
21863
13567
17058
17337
23135
12646
19150
18223
21649
3697
2646
16925
16335
5883
20013
5650
16080
8778
16605
8215
9891
4892
11347
20769
8716
1787
11095
15452
18168
8196
15519
1144
19096
19794
17652
10620
22987
19349
19878
14629
10705
5441
15699
15416
969
18757
22830
21839
2394
3575
827
17785
19787
21357
463
400
8314
1517
862
11568
19441
7743
16091
3986
2225
7231
20148
574
5197
410
13091
11292
18437
19758
22239
13696
14234
21815
22650
21337
15240
22488
15937
3017
8794
14293
453
14166
12883
19312
12784
19655
4117
20477
1797
13157
21775
14640
776
13594
20638
7133
1726
1779
4184
8176
23107
9894
14974
5687
4502
20722
12877
12762
10874
12740
6421
14007
18675
10394
12452
10798
15726
21421
165
14333
20374
16902
19155
7086
16460
9362
11860
20937
1489
9878
13994
8935
12238
7566
15828
2247
13000
5128
16149
8960
15544
1443
17048
22638
16467
4248
14315
22937
12143
17358
7667
19735
18663
13701
20835
15109
9781
5448
981
7248
10481
9987
18701
17482
5954
16890
14101
7841
3752
17609
14847
4173
1108
13723
20143
9146
5495
1904
3409
3287
7020
2659
17241
10818
4837
13737
17175
2930
10657
9247
5970
971
18352
14364
18288
14494
5142
61
3308
13276
680
12432
13602
1176
12961
17814
21994
9790
11033
17205
16288
20817
1577
12450
19376
16428
8444
22897
20204
13271
2039
7345
16643
17024
9415
2902
7683
11499
13431
9264
7882
6226
693
20032
4319
3927
22779
17061
5479
6683
19333
14479
13647
19167
10402
13137
21256
8726
4685
20493
8120
13733
11105
19197
208
2386
5119
13556
5004
5181
15011
1358
15810
19114
11393
20211
5832
5598
2732
775
4986
24
2566
642
17948
18588
16028
9182
8686
10142
18148
20313
1856
10713
14816
17822
2877
12757
21780
6514
16525
11697
11345
17400
9949
10494
23058
503
4286
1292
14078
14769
18271
527
8386
12090
13201
22524
12299
21770
2986
1743
18432
10207
18806
11138
19850
20054
20653
415
14709
13660
10849
9318
7379
8413
17114
6407
814
305
9516
13622
1668
13064
18795
5035
21029
1387
20459
14488
3990
6382
11009
733
16117
16648
13825
20918
20991
7267
17046
5594
12674
15155
9088
21565
4367
1516
20156
16568
6495
15497
21599
6444
17142
6109
15539
15664
1017
4024
4707
15316
11096
8482
3351
521
9921
10353
7325
21454
6360
11612
15486
8659
21797
14510
11294
4819
18866
5692
21549
14841
6735
7902
3364
12865
8177
15888
7769
20774
14087
17374
17184
21686
4916
7160
16768
4762
16108
13962
16696
5187
532
21985
4618
20948
1606
6935
22615
20499
8812
19617
13910
20001
9599
695
6885
4904
3303
4798
17483
20660
14377
12807
7706
4715
1750
7752
20743
2153
9533
12174
9357
2027
15971
3637
2787
3813
22433
13452
12850
17123
8816
7324
19698
14128
22890
11477
5298
13310
8303
20710
6654
2032
8136
22773
4956
15193
11032
12481
18710
5389
18084
10251
877
17670
2271
21978
3896
21038
12051
20448
9976
11986
14348
16027
14577
16114
2285
12725
6534
17207
871
7669
10359
12079
8956
5732
13098
18888
17591
22771
6135
6633
6185
15610
14818
1896
22443
11172
13665
4386
20503
20029
22727
23156
18743
7446
18333
21948
6879
12066
3469
4586
17183
14495
11508
19889
11485
8326
6933
19152
7661
15678
3095
20096
229
13435
16006
13902
18247
13767
15124
12269
21999
3786
7386
21145
18207
13272
15052
17220
9203
3816
16413
2127
1148
5836
9859
13645
20235
19895
20999
4696
20676
15420
21614
14283
767
19764
20658
21012
19322
4482
2991
14955
8727
7404
21325
2706
554
13606
835
12151
13682
9235
5350
15207
13139
20175
22460
12194
956
807
17804
12351
10766
21579
3989
22325
10324
5625
14341
8666
15548
512
1508
17273
3108
3066
8292
7949
4259
5101
11198
1817
13784
15345
18451
20347
17860
2944
20302
10656
676
803
11598
8300
8560
5811
1362
5643
5318
14263
14183
6693
6511
20542
20600
22783
7666
7079
22667
1331
15147
4218
595
3541
2897
7864
16285
7852
17749
12383
22287
14914
17532
13810
9906
14042
9171
11468
1065
20246
22246
5191
12854
16011
6260
21148
5739
5525
7270
17596
8815
11850
20656
2952
5737
11127
8867
7277
11201
9344
22616
14760
22997
9071
16311
5148
12518
14693
16635
5404
6880
11534
22108
5439
536
3561
17475
16883
13220
12048
14230
17987
16922
9197
20895
9420
3228
17156
13109
11633
16168
6840
8685
9384
12246
4342
17568
8166
10781
10107
16481
15054
20730
22814
14869
23144
22489
22668
14650
13160
8967
16542
16744
20545
19700
22849
17673
19220
15966
17962
20299
9774
4284
4426
10193
19067
22928
7728
21126
15368
1981
10638
7058
731
6325
2261
5934
14667
18897
1506
21509
16823
7735
4606
1183
11718
21865
14144
483
1786
6156
20681
22609
21455
21672
13347
3213
22190
35
13651
16891
16572
12867
12491
5903
4483
20581
16743
12534
9261
6909
18186
6751
22318
7696
10012
11461
19817
6016
17548
14998
12195
5564
10020
17429
10311
4340
19483
18755
13926
9373
785
21635
20894
20053
11855
9337
17488
3220
14290
10655
15560
2325
19954
11348
21270
17619
12600
21298
21774
11246
15617
8884
2218
22461
21973
20323
15283
12719
22574
21307
14114
3141
20461
891
22816
6561
12861
11737
2468
10273
16736
9930
12095
12987
15243
22976
20199
3012
11315
20813
19120
1378
7028
8773
7166
6726
20788
3026
20911
3447
9468
18202
13751
14201
6118
9577
5959
17688
21018
22682
8817
4813
18343
11150
21390
5513
10056
12064
4229
9053
2892
13175
747
11264
18679
17914
6286
2246
17626
11883
13930
10092
8576
2588
14376
3731
21340
17762
3871
11688
13162
16672
11142
17655
6247
19288
7590
20256
8319
14063
13221
6484
515
19678
10093
21368
2157
19384
21669
22395
10999
2860
1135
5719
22950
12888
2236
1968
10630
1932
11109
14679
13608
18674
8625
7912
1110
11505
10917
23025
10290
6533
6556
15943
7964
13401
19073
6494
22513
12104
22196
18449
20922
5020
118
338
11565
5089
3050
15090
17315
7013
7117
225
20602
21919
22525
2063
20158
11391
17465
9198
18092
15598
13046
6182
2691
12657
8694
11094
21781
1054
22086
11560
5735
2227
12249
22085
16521
12772
10574
19278
9843
16821
10697
14764
5539
19228
22473
13648
11803
4599
11276
20036
22019
5628
8100
20805
18647
10315
15585
11370
5816
21142
22342
20015
2747
16553
21752
4033
11579
18810
11
16740
14447
6770
6964
3078
22448
21025
6087
9744
6370
1399
17088
19302
19153
11949
15660
10920
19200
19471
11544
15258
299
13793
19647
12172
2678
19922
1788
8047
6753
7987
17597
5582
7319
12157
22222
11892
4942
8505
22715
9791
15949
9806
14718
12698
12872
1256
20328
18840
22348
7952
16657
8143
5072
12319
2020
21300
135
4201
18637
5542
4004
12439
428
12722
478
6019
6455
4594
14999
22283
22829
16016
22913
12346
12248
14994
22226
5253
9808
17262
11969
687
20682
14888
3081
18298
4661
10150
17305
13621
8589
14486
19432
10180
2374
20752
9952
4382
19680
13176
21154
11605
5280
1639
6897
16018
16865
2319
9869
14360
6862
20428
6357
6794
16002
13505
16284
18347
21560
23055
8830
2489
1780
23153
5518
8548
22992
20599
6856
21410
2819
1789
11271
22841
439
7401
15829
19515
16626
1564
16618
13196
4546
18226
19378
22691
9206
11703
21321
2076
5437
2598
12905
3164
6328
4137
9394
4165
8877
10215
7100
23018
18760
18458
5381
10809
4952
2591
8352
3777
16971
13913
442
3508
20023
3607
14325
11215
14674
7698
9619
3476
22931
15255
21452
19019
18445
9494
10184
9820
19412
2176
12348
6211
16247
17388
5622
17127
10588
7819
2624
21055
10846
8985
6467
17318
17043
18715
22736
4470
17979
12571
7189
6661
12528
4921
22698
21709
21731
4948
17628
20589
14163
4283
12999
18591
14904
8931
12998
13961
18547
20342
12778
5008
20375
17681
12225
9510
1657
18937
3209
12070
4276
1442
2232
7550
22160
2686
14251
15784
220
3493
2341
17587
19087
1364
2290
365
1701
21728
1432
11175
11966
13672
18234
16855
14463
2561
15451
17528
10537
12548
12583
22529
18255
18213
21804
4136
22533
6283
19716
14353
14517
17287
2935
11742
5655
3414
3606
2485
20901
21967
6471
8515
19042
20189
12736
2382
22133
21715
18753
7939
18011
22766
9758
11243
21182
22476
22001
110
19535
1427
16728
12311
13995
7655
9762
14583
3234
16566
21647
20913
5043
7284
2276
108
14130
6663
5001
20675
364
22634
15844
1381
2315
2148
7665
19686
20346
11479
21794
13393
7000
9767
15069
6957
11617
4328
8360
1049
23043
13843
691
20240
2475
11305
11080
3756
1196
19099
12294
20934
7108
7801
18039
2511
18652
15103
7860
4607
10228
15675
4093
19656
2022
13664
13908
17110
11769
15398
14749
14527
6819
19540
22902
19463
4835
7510
19407
5281
1921
21842
7052
2311
2298
14088
519
23132
6781
3993
18562
19130
2778
5266
22737
9354
10453
22322
8914
15513
4279
287
15110
12834
20750
2126
13873
8961
18972
6595
19494
1411
22704
22877
13805
8350
831
4783
22939
15512
2727
17863
9871
19210
11804
16573
3917
17075
17719
738
4045
10211
2743
4544
17261
5071
19944
2752
21876
9706
9841
20075
9263
12493
1956
14550
16206
3893
13234
11399
16719
16099
10313
8216
1567
23090
17675
11251
13090
4539
7694
8375
15050
2948
6540
11876
6164
15250
9909
11268
7732
8423
21613
5373
21467
8872
8483
4389
15013
16491
14665
21505
17729
1124
6465
881
13748
1155
12223
20963
17617
1684
19567
11747
2370
15488
715
21252
19541
22051
14611
21673
6934
15399
8797
11644
6033
11748
10792
16586
1459
540
22466
21823
14553
14564
16145
18532
11543
8613
14568
3353
20039
9430
20559
5710
5472
2203
22035
1205
15723
21624
21035
21299
12448
4973
5940
1248
9481
13643
14796
5189
11296
72
5976
5040
15453
17027
11438
1561
21690
21851
2586
10300
10137
717
13029
9945
7280
4681
11506
5578
3130
16310
5095
4098
17122
13210
13951
15073
11600
3573
22550
5726
17187
2937
276
16622
7188
11628
1043
707
3875
13681
4180
21375
10928
22729
6093
11774
10866
14462
8906
13592
9229
15201
9365
13694
4651
20094
13043
5619
5170
15868
15076
21750
5586
39
9296
10461
18064
2971
21084
12665
9234
21676
20424
9515
8674
15217
19907
14426
17953
20875
14058
1547
5316
21776
16909
21836
15879
20219
5658
12109
14043
20781
8480
3271
12776
12243
15713
6998
3417
15282
5793
9586
12680
14116
13415
4128
8898
5225
21008
20272
5998
20532
16315
14802
11771
20122
3748
9466
2366
13020
1067
7447
12753
17208
20071
10111
4096
21398
12059
4931
18135
18746
11097
21288
7767
2839
3806
17896
10116
15214
20445
1220
16251
8849
8999
12220
12545
3800
2504
19305
5436
18345
16610
7038
3318
9230
18494
12981
22948
6803
10552
2447
104
14242
19839
11291
2947
9685
19711
20115
1994
10668
8280
4322
2638
19038
4402
921
17875
20452
8200
11666
10489
13099
1105
12044
17476
7982
10133
19708
21412
14026
3046
5506
13440
14828
3586
7875
22822
13123
2841
13095
1756
23032
13429
5285
6075
17417
12002
4939
16136
21528
17250
5644
19271
537
15361
7679
77
6877
20110
8791
1580
20621
11841
14863
6744
16698
8599
590
15224
181
22144
8393
4766
17057
7723
3709
3023
2953
8994
2818
10531
9883
14810
11008
5974
16795
18251
11641
3423
11889
2836
1074
22005
18040
2888
856
17083
16031
11639
8587
11380
13971
17245
1015
7294
20849
17549
12986
8276
21807
17503
1697
11819
1267
7205
1075
12628
6243
5943
18534
5828
14415
14930
5666
13066
162
17276
3489
718
9019
19614
22427
1612
6216
20322
18993
12271
2414
8081
22371
6587
18096
16633
18349
10330
21302
21922
7812
10969
11522
5466
11052
17600
15865
17422
16836
10887
16222
6976
143
1735
11668
16275
8472
4760
1113
17574
7256
6408
7775
6199
1395
21180
4397
5082
22002
15672
12845
279
21163
17076
139
20629
7820
23081
14740
13247
22483
22611
21374
18013
11619
21400
10114
14655
20418
6482
8325
14864
20495
6190
11086
15411
4216
22883
20450
16721
14549
17407
14059
18241
10464
9934
22843
2211
7245
17430
1650
2392
12700
10560
10881
20273
4089
14152
2675
13174
4351
9919
16306
2398
22873
5670
1584
11917
7869
8617
2047
817
21009
316
10913
10905
1211
5596
1035
3822
22772
7753
7647
12617
19388
5589
13022
4424
22680
3746
17458
22280
210
943
4723
22043
740
11794
7845
190
9134
14284
14887
12831
354
9547
3460
18074
10973
9178
17045
3503
5664
22231
19660
2132
10339
20983
18299
13494
16272
19417
7357
4955
17348
23040
21085
7423
15608
5452
19740
2353
7817
5563
17112
7382
11240
3719
18893
19015
11580
21860
12658
23155
11591
1312
4838
49
5683
6265
241
18752
17797
3178
16233
23066
866
12217
15871
11740
15046
13034
5345
17212
9007
15270
19966
16641
10074
2104
1170
799
17121
3609
20444
16103
17547
4364
19554
3535
15631
5306
8464
22174
5957
13075
19075
10331
901
16125
1791
6399
12367
18198
17450
610
3636
11529
13702
19990
6362
15469
13383
12744
9896
5519
9890
17471
6150
17124
11722
11190
23010
4682
5536
3425
18677
2651
6679
2492
15140
14531
8468
20289
6119
22119
7911
1192
11713
2028
21617
12530
14381
4927
17201
18230
3380
11911
8296
9637
2455
18409
688
19385
5297
1033
14756
12074
7299
1188
5030
10876
11780
20359
4182
6850
18265
3793
20666
18980
1562
9374
4213
21098
22090
22999
6818
10091
12619
15194
19797
18559
8720
9995
196
11169
4401
21294
16085
15128
13134
11566
8096
17667
15234
9037
22974
16322
16093
12537
6341
11784
22467
13120
19649
3820
5758
4414
5075
13668
20921
21619
792
1179
5154
2701
1476
3432
8862
21209
16663
7241
4881
16872
8755
19503
21783
15268
15645
5545
11303
21835
20838
9396
16401
22907
21772
7604
6390
15629
16988
1008
5263
42
8654
22146
7206
12536
20215
9385
19250
2502
21942
12669
17002
20304
16599
13554
21697
8115
16162
18602
5388
11132
1159
5577
19743
6131
12809
1965
18683
5220
17359
21188
5709
13341
19361
19989
1748
19876
7906
13984
17702
10829
1576
15691
16858
16375
14989
5600
7071
10244
5325
22607
13146
2534
5910
2619
4373
16265
12257
12017
256
1899
7557
14799
10751
2670
23124
11982
17381
3057
15646
5588
3540
18672
23111
3698
19085
14346
10367
9391
17215
8014
12433
1775
22664
945
1309
14792
1871
15003
16558
19729
4046
10533
19308
11830
15407
8012
4019
19844
1370
21868
2885
8570
8663
3518
16699
16069
11174
4738
9486
1873
14156
5978
16456
8420
14530
6334
13753
17277
8159
6410
12813
9125
7552
8554
1315
7966
13626
20061
3376
12963
4013
7239
10042
15516
17401
3473
21558
22076
22946
997
1771
101
19391
3301
5659
1497
13521
21450
22229
152
5268
3832
11816
6395
20416
22587
17898
7094
21872
3579
9941
15366
12610
22493
22373
22267
16266
1661
4679
18713
18697
20108
22416
10576
7795
10857
18763
22780
21168
19968
3701
8162
2614
8733
2854
2124
20946
7156
1464
10808
12350
11648
11337
7179
16870
2552
1982
12514
20639
274
15505
5410
9448
15763
6443
10919
13771
2275
14603
3980
8675
1511
17798
15710
13586
5000
17941
1855
11254
2375
17629
1231
15181
13194
15546
9021
8357
14240
10740
8966
5555
7047
19636
2256
19501
16395
958
40
9932
18208
4527
16402
5199
5340
13217
22254
20811
8367
5194
8670
2583
20270
17459
6996
19982
9450
7619
20287
16308
18335
3241
7286
20084
14592
21494
6882
18616
6519
20390
11772
16230
16896
8574
19810
3778
149
12318
19670
10458
10452
4816
11112
16102
3972
9480
12689
22645
20596
18413
22767
17350
13896
11556
12094
3580
13242
12255
16917
6762
3289
16173
4237
12289
1466
9185
5005
12930
15909
13212
22301
19453
15842
1532
284
14210
17736
3588
11414
293
14322
16165
21044
9900
19703
3272
18245
8998
7114
4329
16656
20756
10714
8053
986
21319
20795
21524
11561
3901
1799
3343
5699
5176
8273
8506
7085
5611
6049
10415
8662
16563
19563
13637
13777
17918
11082
16318
2350
529
14845
10400
3845
2582
2238
10055
18623
259
21122
12110
8836
18129
3402
6760
14464
5228
5925
21801
7265
21059
20574
446
8545
22916
19882
13191
15686
3449
15687
14297
1012
5742
7458
7144
11490
21748
10674
18341
8304
5812
535
11245
4555
4074
5864
19713
12935
95
3803
15702
13267
13863
16094
9754
22751
9622
14937
14627
15177
7573
8477
5803
21808
21021
17234
15657
4433
10027
10346
6894
2710
16316
1523
19125
22635
15091
10052
7272
8201
8330
9556
8170
1372
13939
10208
11888
3148
20380
12710
4396
18811
19044
9135
179
19420
1550
20341
12611
1180
9467
8660
17453
18100
6691
2645
9369
21974
932
17492
20475
6952
20828
20626
16202
20391
14812
22414
20848
5045
10058
658
9451
16260
789
11077
16037
19997
16597
11325
17711
17540
12880
14485
21438
21179
15347
11170
2103
10395
1667
22143
19297
5980
3551
4145
7523
14269
4234
17658
21650
9628
3162
4331
13122
18876
8427
11270
9259
11687
18321
16471
13996
1073
7770
20012
5237
7456
14268
22516
4716
15123
8717
20720
19818
8425
6690
1742
2514
13917
513
13879
6787
21371
16864
18495
13970
7119
20436
22826
15404
22361
6309
8090
1570
7490
9352
19933
19313
8538
12768
11383
13853
19090
723
2919
14438
17079
17118
12086
9179
19874
22561
16593
19909
10940
15872
2343
11425
10264
6458
13481
21197
11609
10492
14369
18017
16570
3128
9777
14569
129
18891
3125
11456
20367
13352
9361
4443
21432
18270
11346
16972
18603
17897
17432
17598
20332
14184
43
9051
9066
22731
18963
7219
17653
6619
18940
7888
6327
17434
13710
1571
15
16929
11088
22539
15219
17178
12764
13814
3443
22515
11092
9964
21691
7307
215
5081
5356
4697
8941
4151
18687
9914
13662
14083
21640
8577
15363
5679
2527
21965
8866
8550
16861
11587
20260
146
13003
1488
15793
2968
8859
11437
613
1723
17229
4725
711
16058
4795
471
13462
7955
12651
10956
5198
14039
6165
12436
2426
8183
4918
6937
1416
11724
17195
1475
2977
16470
8084
17553
3103
14357
4508
11136
1543
19504
4157
22278
21981
8534
20206
22740
11899
11381
22752
22057
17577
10815
14659
3077
5056
13807
14753
21244
4996
19144
9276
5241
16706
19209
11285
19717
14171
2741
17497
16953
964
9728
21830
15320
11672
19310
13170
10439
21235
14905
19728
5451
4392
10558
6445
8254
4631
13613
7830
11063
14003
266
2631
1801
8708
7593
7776
1852
1850
20539
4
2435
4663
20644
20706
21136
12073
4281
15718
8098
20067
19938
21646
10470
8132
3938
22958
10131
18654
20430
2928
21486
5317
17408
6168
1883
5693
15992
15886
15654
11691
58
3565
20997
13674
21407
8244
9366
6960
925
16906
16417
14906
11910
18593
11289
19360
5565
14622
9
13311
16617
22029
19936
8421
2040
2773
20085
1175
2804
4036
13364
9583
2451
18986
3110
9917
8007
2745
11192
13808
17393
21356
20770
11118
1589
18444
7285
10728
11236
12145
475
3041
2491
5014
6124
11689
16379
11937
15918
268
12554
21384
5481
19809
22989
7483
14208
2572
22331
12434
3372
9985
12150
5951
20340
9879
21787
12626
10653
12144
9049
8097
21688
16750
17943
15614
2724
2438
7412
4683
16908
10081
3655
22121
21856
3386
2419
8000
6783
9149
12916
13313
5613
2482
22381
16562
5163
12624
20378
22126
4484
11128
2445
11961
21205
5013
7383
16933
4776
6064
17530
11678
8729
8853
12653
16856
14778
9787
8470
16994
6865
168
18363
16110
341
11626
18762
6083
23008
3215
13189
19858
9755
8277
9499
19972
11530
10954
2542
4235
23120
7579
16361
2300
1719
15628
4852
13127
22720
10972
15082
19459
3534
7811
20758
19119
14318
7959
18766
15139
20242
1270
7214
4743
570
12903
10435
10939
22485
19816
3446
16313
11727
15133
14061
15066
746
18450
1325
22575
15769
15655
21963
18377
17093
18820
8165
10566
16029
4143
19808
7662
22106
14596
13010
3591
16234
5141
15377
16485
11205
7018
375
17642
12054
21459
3999
10816
19899
21161
2003
11102
9792
15419
12152
3332
17709
1234
13535
8067
7137
5364
21908
17846
14747
13916
7658
22759
21308
13466
2123
4588
16393
429
21023
3694
17761
833
19814
20114
3598
5690
22248
458
5937
1615
12767
19661
10790
8977
11363
3280
5395
6863
10827
13764
3440
1716
15068
18155
456
22136
397
2985
15755
2273
12480
20881
219
23015
9523
21066
8623
16783
234
10115
1295
10959
10506
22463
7885
195
13978
21514
1143
3281
11344
4560
2306
16665
21900
12461
21641
12137
12569
19924
1778
12533
22845
14177
22075
22187
20353
19037
12739
13915
10213
11111
19121
9419
21710
16346
2942
10430
6102
22384
7233
7045
15289
17247
22214
3733
17996
23033
8116
6674
12168
8938
12707
3040
1514
14697
10591
21451
19273
4349
15197
9734
17957
13028
10738
21882
7333
17537
19690
16469
14262
16123
4453
15831
16014
23149
14623
383
20099
10980
7213
9693
21175
16815
13540
16976
21745
3720
12338
19024
12427
667
15137
762
20324
16372
14478
5062
20584
10509
3255
1868
16838
20635
8921
7162
13317
16501
1874
7498
8878
17343
17095
3773
13180
4551
1832
7762
17448
8062
15623
5880
8031
17022
6640
6738
6870
15244
3296
10643
18860
6372
10924
18612
1834
11606
2146
7511
65
22855
10010
3831
9690
13975
5853
15031
3455
14056
315
14587
14589
14522
1722
273
6463
22069
6062
20102
5322
1447
1754
1289
22500
4966
3408
9277
13669
7513
14700
6427
9453
20695
18478
22441
3260
22202
19454
16035
11518
1462
6716
1627
4092
16304
12479
5808
11497
14050
5289
1666
21623
22530
6011
18201
20159
21954
5113
22284
1810
15749
15536
14653
22219
22195
20026
8656
17753
4260
15800
19061
9279
13841
22762
485
14662
19583
2538
2174
4979
10401
7408
12919
15317
17775
10159
811
15787
22208
14246
2223
10977
14109
602
17958
10445
17446
7822
20697
10709
13011
20898
2632
9393
21419
5420
20679
12444
3617
13385
1104
19186
5115
10475
2421
2200
12376
11795
10613
2269
12696
6442
7525
5950
8924
1768
3997
18297
20603
4307
21544
4434
6655
11091
18293
10382
21729
20973
5528
18902
9773
16966
10096
4848
6028
6563
10225
10536
1263
11856
15028
3004
12142
4419
6703
7610
2533
7745
14469
20427
18846
9534
454
21675
5372
5169
18403
16500
7232
8841
207
22374
447
11237
4772
8119
16833
6984
15925
13055
15663
5177
17443
5507
10775
21677
1609
2629
2166
641
6682
4495
8331
8618
5789
10459
17819
8512
9666
17669
22307
10321
18091
11663
7646
17821
1302
8612
8902
14276
16175
15485
14126
525
17059
23007
7505
12472
13816
9040
13625
20166
10880
185
19379
5723
14758
4919
2699
824
9943
18130
1927
9407
20633
6459
8738
10538
8389
11065
4579
13638
5928
17223
4859
13713
4733
22293
12524
12057
20190
16218
14124
989
15306
16397
180
2264
17064
4769
22124
9865
20806
19149
11011
11623
13922
11204
15869
15591
2848
21487
15537
20183
7622
10625
12760
3650
16602
4933
16526
1990
8958
4627
7576
13163
133
4721
7970
4987
3515
4995
6434
11281
15089
7945
13111
16047
5232
11147
20254
18264
4406
5304
14663
2099
18225
3393
4951
17196
9278
8264
20773
3506
41
4626
21183
3495
14928
16766
17743
22618
13059
6644
15248
13428
22480
4280
7867
18362
2992
3270
567
2623
9331
18087
13844
19331
4944
21538
19244
22857
13205
5888
12543
17704
22831
18549
8258
7198
19596
594
17728
114
7234
6936
12277
23022
22103
4360
19094
946
13598
19577
3039
15594
14567
16537
4002
1555
9052
22359
16712
18191
1602
11338
15950
8146
7778
10083
13197
15853
6889
6994
16152
6308
6159
15523
21212
1436
22068
17940
4348
9433
10443
7224
10270
11308
9321
21959
2368
2142
9692
4523
6676
12780
8184
18664
16814
5240
1964
12547
7831
18338
10957
2372
20701
16921
13026
12941
14957
9359
5960
3581
17020
18531
21581
4896
17773
1245
7039
18163
8460
23001
5895
164
7848
4514
21561
17244
4871
7395
2943
14922
11180
21099
5534
12862
15078
13518
18967
19281
12591
20232
19555
17864
13663
21810
8429
8807
4114
20672
1060
4958
5540
5695
5475
20678
7974
2635
15859
20457
2113
18814
5802
7609
6696
20552
8408
127
1826
17825
10685
12878
3897
20970
4669
16895
11735
4227
12325
15498
5164
11905
22120
1521
20090
12726
5947
15056
1842
18199
10138
22383
9604
22434
13449
19980
10529
4380
8149
5383
14952
12244
4474
17998
19017
19885
783
648
1185
13262
8009
10158
13746
7628
18337
3485
15744
23158
3782
14487
6800
20520
258
17018
15984
18316
7495
13340
5399
9646
6955
15292
884
17579
1674
5570
7098
3198
12666
17581
1687
15220
3263
20531
10563
20961
2900
17036
15465
7011
8976
13968
21062
19865
16941
4178
12435
5449
8270
16914
1221
9003
14445
7788
17623
22292
22641
3742
13770
12830
20981
19719
17347
16112
16203
20803
3286
16237
7132
18499
1973
3797
19611
10009
17089
22084
15225
7837
4549
7004
12532
21591
8954
22905
14253
6116
12594
11375
6922
15615
20213
21073
15017
17063
15665
1359
15840
22333
9150
5443
5689
13093
7709
10045
10054
11988
10322
17301
22415
5003
8763
9836
14821
17691
18184
10770
23049
8546
15917
2505
3648
16817
392
1299
17073
8524
2549
14801
6881
18945
1403
4239
21960
5681
11159
12267
12067
22367
5061
18988
14261
18968
11538
9187
4649
16332
15587
22010
2798
17081
13493
4913
9075
7643
13037
9675
4899
19088
16889
3732
2569
12918
21376
21902
20011
805
13894
16461
9944
1069
10600
18240
11234
4456
6813
13865
5865
2470
16075
21088
14160
15683
1195
21039
7165
10293
16188
6200
1546
8819
23082
4767
4630
993
2137
14068
15870
664
13287
3059
7999
13279
7146
16073
13424
22836
19669
14672
14264
23078
7371
14031
3757
17850
21998
20008
5801
19117
13351
21411
13021
12399
17746
15659
22093
12675
3909
13105
22399
17255
17939
16425
4777
3884
4572
10414
18545
14412
18628
9457
1648
20668
4420
15693
16480
19011
21210
1116
1831
14616
17796
17364
5904
6081
1822
22925
4876
2369
6513
19811
1158
8091
13907
9564
12003
9524
6928
12709
5859
10374
17385
5747
20233
22542
1534
5537
18832
15709
7063
14103
10015
12663
19562
10879
1917
22970
15975
15846
7353
11104
11131
6851
13868
20530
14385
10742
4713
6756
15839
10118
749
4134
20650
19246
2528
16355
21622
13776
1882
3480
21465
416
14094
1450
1961
19321
9920
17931
16741
2709
21848
6689
6353
9683
6144
18974
10556
8492
899
16528
5675
7972
20077
21135
21769
14192
16060
7569
12891
11464
3829
12765
1391
14825
1669
2229
6790
4090
16199
21771
18137
9582
19143
2415
11683
20878
12205
2865
14498
17017
3656
11923
17278
11036
7969
5054
15996
647
4238
5193
15439
11442
9148
18318
11980
15939
14949
9132
9528
23105
13306
8687
22166
7442
1149
20856
579
12015
3706
1424
16178
21765
9771
7250
963
21132
8928
6261
7950
12508
5011
3824
2395
12733
20431
18094
20217
3902
3060
12932
14581
9705
17035
19409
6793
1601
6758
21218
14460
10100
18015
2466
96
878
867
17631
2560
1306
5885
10389
11896
987
18047
2891
11265
7055
16550
10505
6496
16337
16722
1393
5462
1346
47
7449
17615
13550
12381
8800
11630
6381
1950
20146
16333
1438
777
2512
14902
3973
16419
4978
11659
15900
2794
8211
22633
12682
16869
404
19514
14037
17396
13944
11235
17712
7591
22674
8569
12503
22003
22853
19551
19603
16493
16033
6734
7208
735
3282
16135
9012
1109
14081
663
7193
11520
18754
244
5987
19431
16924
2286
245
19985
2595
10199
6157
1057
14227
251
17662
6636
3519
11995
19272
15205
3388
20050
17951
15640
19135
13935
11991
20516
22034
14102
477
21951
3259
5090
16013
10621
12942
6417
19208
9620
1583
5627
18651
23057
7237
8713
19334
9562
16176
1367
2571
3404
8086
21049
19578
16473
21603
10008
992
12445
16615
4613
17128
1895
17233
5329
1872
18472
6063
6342
16801
10601
1630
11838
8869
20453
11467
3261
20065
18553
21153
12858
11559
12083
1813
6575
1784
6441
6097
12598
10825
13323
12261
18522
7736
12958
9994
3647
19238
9239
22517
14187
11782
16802
20689
653
498
9508
1388
11022
1924
19215
11083
23154
5110
17217
10
16404
3520
17326
9870
16007
16948
2191
3203
8521
8387
1089
13159
18716
7639
1311
931
14703
3488
18850
11055
9417
15770
8604
19582
15032
4817
17336
18863
5192
13564
7968
3750
116
13143
12520
14390
17109
10511
3053
8742
8809
5332
6681
13874
14351
22242
5677
12783
935
15906
14304
23137
13335
5086
13002
14762
9487
20767
22511
19399
19913
19854
8525
21125
11351
16529
6639
11712
10163
4069
13441
5491
2316
16709
23093
14205
22385
11219
22768
15188
2907
11781
20280
4844
8056
21127
16368
22154
7843
9210
2082
15733
20229
21706
2305
11549
3501
22492
12382
18510
13356
5442
3159
9427
19664
4407
14668
18990
10743
2923
3207
3349
6530
11646
6678
20543
6651
8614
11976
9129
16964
1402
20068
21291
6488
16713
16990
6188
6766
7043
10086
21272
16831
1870
9290
15489
11684
2118
15600
16960
1206
22884
17922
20588
4983
10528
22695
18185
221
6724
12259
18636
7935
12928
19177
3772
13959
14681
5464
22817
11239
18244
20268
822
20827
20455
22712
10166
2722
7570
10791
13600
18423
12366
2434
15134
14158
15472
10768
15362
5341
2497
5092
9395
17590
15933
6893
18474
4254
7112
9868
17936
19484
10692
9128
16680
3584
18132
15008
9454
16676
12069
3429
14203
8829
20628
15685
20168
6041
9199
4653
9810
2655
4724
17915
11114
20938
14018
8632
11866
3243
21331
4175
16042
7440
5902
8790
12100
15337
4473
8281
4026
20601
16396
10203
12855
7170
12567
18322
16420
1140
17777
18411
393
347
20741
12005
22797
5096
3686
22932
19081
2431
4169
18505
1486
13369
28
1717
6866
22681
8508
23083
18394
4915
18947
5402
12475
12799
18340
14683
9497
20980
8481
3072
6043
9381
16614
18218
4975
13800
18788
9563
21630
20528
9227
13238
17954
20866
3744
15288
19050
8406
6995
12287
19218
5076
14165
3426
15730
5165
4770
16901
16171
16147
20923
10196
10390
13290
12741
4299
8409
4611
21199
8229
22854
12992
8978
7757
22749
2500
19753
6293
895
18745
18624
11229
12590
11647
16231
3451
22520
1902
18154
3684
10473
2164
22834
3892
9139
19831
10319
19590
20864
2026
5465
2162
6673
3407
10589
8875
19245
13167
13326
6003
15446
22135
17479
7211
20757
14300
10387
20449
7754
22828
8135
10651
22658
15302
12512
20677
21684
18200
8484
2799
10912
10648
1428
13500
19458
4084
5736
12231
4828
3210
10307
3047
14045
22484
17307
3331
19122
6745
13041
189
13305
2636
2676
20643
12597
8328
12627
14516
21768
15522
23126
5657
5901
10731
23051
15976
8256
20336
6727
3038
9282
19386
3597
11870
7416
3129
22353
422
21070
20419
9785
5428
15568
13688
15392
7708
18397
7426
20630
5460
1838
7364
12529
16113
13480
19723
7303
13728
7842
12803
2667
12423
18812
11481
14220
4091
17108
13019
1131
16612
1706
7774
17014
13319
3256
11141
14585
8731
13013
5550
18140
4926
317
9809
14406
20205
1369
20383
4454
14935
10502
13370
21143
3487
9550
547
1682
8383
18887
9877
21461
15745
2255
16087
17960
1659
18217
1157
2585
19995
8298
16934
11279
7342
6811
5983
19274
6129
22413
8881
8380
10164
2951
10901
19751
15025
14289
10628
6713
5233
14233
19869
22686
3522
1680
15977
15478
18725
10072
9009
2925
19136
22345
23130
16873
17390
20749
17346
2808
14910
9707
6181
3680
19943
2317
7965
11130
7907
1203
13273
2889
13803
19451
4963
7816
23071
4490
20214
781
9248
11940
15396
1905
13185
1540
7091
18477
2184
14084
12398
8210
11031
339
5386
14399
2893
14457
12285
8313
2543
10507
3497
15459
8514
12507
3123
23092
15213
3736
5430
19517
9490
4232
9860
12788
18452
11290
21593
20145
18621
18574
17198
3184
22893
876
21052
12107
4050
9888
779
2898
12847
5277
11460
1271
15100
5523
20091
13346
20352
15758
13446
7126
13419
16008
22825
4370
13652
2289
4617
8591
10965
2107
10759
15018
8607
524
2198
20555
13492
5782
6374
4706
10365
11006
5077
20282
1818
10035
3029
12191
22757
1915
21834
10076
17373
12198
13671
20953
18819
3667
857
16579
5130
17371
7629
153
18594
11018
16232
16910
15232
12163
14299
5431
20255
22316
1277
22370
3322
11822
7873
10578
22228
8894
9574
15765
17806
20935
13579
12938
12931
14185
12751
16360
7481
20567
4369
16458
6193
292
3435
17013
15173
13230
3562
1090
7327
10595
18183
16577
21476
10351
8033
6439
13065
18141
12962
3326
17687
13172
21795
14306
3554
8814
7621
15020
19754
21755
3612
7796
18254
9209
22753
5144
8415
19397
10665
830
19277
2979
18921
227
22346
12043
21678
10404
18136
20447
9432
20191
7104
4070
9335
11475
8236
14565
6391
6143
21990
13338
2361
9065
4688
15761
14602
13762
22000
15701
16301
8297
11733
20200
21422
13782
21123
9595
10431
9014
22070
13736
22706
17456
2086
22185
16774
15443
19750
2884
6557
730
10605
4190
2587
5697
10964
19752
11195
10715
12076
19693
21792
16974
542
6629
23
15172
6635
8944
17268
17607
5821
15118
21042
13741
2826
13036
10554
5196
12572
1235
14086
4264
10259
4811
5279
11409
22703
10195
18858
8679
3232
13991
13708
11188
6798
9531
21725
20142
6203
4833
16353
16241
20446
15371
4614
20248
15087
18631
12389
13740
4160
21571
7415
5203
9304
7486
13773
17738
16604
4111
15632
4350
8206
21292
7430
15307
1825
13510
5246
15845
10490
7377
21313
5784
8107
19694
6403
8696
18076
20275
4187
17999
589
20910
17912
9749
6816
7931
6191
5224
18485
10597
16840
11945
13297
21207
18054
7148
18382
1586
4657
5547
23140
9950
20760
10168
22440
551
1933
1565
21953
11975
2080
8241
12119
11062
11723
6748
15575
11861
13083
4042
14345
16490
19301
12490
17172
11358
21956
21312
15144
15567
23062
21986
3946
13006
22984
2054
20582
17610
14176
16825
9689
11938
883
22765
19908
19695
11528
18838
22918
280
18673
2220
6302
12697
1744
15747
7491
8487
2418
18260
5150
5131
19771
8102
15947
13589
21726
11067
5135
11178
12664
19263
5678
9591
21607
14901
20258
14698
493
22351
3998
17387
10487
21255
6082
10234
5174
11857
7915
21995
17776
15913
1920
13729
20984
22013
1492
4352
966
21716
15039
16943
12175
9220
7140
22054
3537
15578
4068
19560
12402
10151
8642
50
12655
9517
2018
17671
1037
8366
3250
14011
18808
12738
17944
9545
2150
20958
7909
4330
5122
6906
19920
9969
14413
12677
134
12023
12237
6340
6404
10693
14095
23037
4177
8432
22474
21936
11725
21875
20820
14134
12058
18907
22360
11019
17684
2448
7427
847
17534
6927
19965
11073
15355
18157
3868
15670
7631
82
12036
5576
19905
7947
22547
19838
7861
20198
19975
5504
6923
14038
12798
9320
18567
5019
1375
15715
18632
4101
5069
4230
7109
4159
7608
12126
21150
9244
20266
14824
16763
21601
22304
20057
21230
18133
20784
12275
319
7894
22236
5527
15206
1885
3419
6057
19875
11401
5483
10892
6832
17879
9002
2193
7090
16161
8838
10363
16148
10832
1349
3928
11719
16724
4186
20570
1423
19204
21232
18792
5705
14387
9116
22934
17543
17724
8756
12037
17105
6005
1802
1928
3953
17790
11706
3929
21527
4148
22042
3395
16551
16793
6366
9172
13981
19820
7562
20840
6009
10587
11755
17565
6630
9968
18689
18115
368
13056
9926
17983
20179
23017
21788
5469
8462
10850
277
16660
8265
10448
20903
385
644
23052
22212
4412
17160
9990
11859
19252
10336
13903
19370
9167
12016
16153
17253
5496
13763
11586
21862
8899
9659
13251
13115
22760
609
10479
10504
17153
7309
1273
1045
14355
20129
21276
1596
2084
2284
6344
17820
9618
3714
3120
7503
21104
3888
16999
19821
9240
2592
9548
1708
15501
3638
951
9222
16257
9412
10821
14347
21026
2737
11537
17791
22469
8490
7657
3864
941
821
7716
14005
9455
1733
21387
17486
19168
9441
9023
11756
11081
14146
11913
6592
3464
6904
4693
9875
23059
13349
20185
539
19569
13641
53
22952
19915
7254
4638
14751
21933
21355
4529
16545
8232
20276
4652
2177
17566
64
19173
2241
7328
13725
12155
18774
1600
14540
8811
19382
6440
1888
13677
12644
20149
13972
7468
8557
16039
20553
4438
22039
16666
16124
19546
9557
13629
8530
14657
13368
15668
425
15418
3309
15554
21490
4172
2517
7763
9992
11359
255
4857
6912
13410
16809
798
5846
9788
19319
19932
3879
14938
7635
20833
11047
18386
11792
1415
10179
2567
9594
5674
3792
22352
18773
7186
14398
9026
18263
1728
1611
2779
11012
8735
9297
4327
5618
673
15805
953
2109
9635
7008
22560
15717
11339
15684
22402
6550
2169
12659
1487
8803
22299
3112
17678
71
13775
7773
18962
8416
17924
1857
21790
396
12732
22651
7469
7312
20000
476
21984
6245
8609
14020
7081
21388
1725
19495
18580
22258
14173
12649
12001
13416
4964
10840
1082
8831
3071
4708
8065
7918
14776
3677
1396
2268
2730
2602
11779
12193
16616
21916
12360
5858
10822
13017
15385
21700
1406
4141
21534
12937
3514
21510
6490
19233
10134
22047
21627
4609
23108
17782
3237
19685
18487
18261
9326
6859
19641
6336
3214
21177
14120
19992
17853
18167
3252
14336
9117
11954
19001
222
6965
11166
14754
11384
14161
20622
15661
4113
15526
19063
22567
6837
22724
21885
6647
7363
12352
14053
11411
7940
11595
13685
10838
21206
6874
15826
22991
5558
10325
5222
10646
22813
1757
4624
9770
19523
18385
21666
19405
12498
13872
17477
15586
15601
5637
16554
18383
3621
16832
20321
9101
4267
21158
18859
5202
17498
1794
5349
13530
14857
7154
15406
9565
2613
1171
15037
11394
10712
3985
18069
9099
8582
8219
4616
2391
16122
12976
12609
16015
4448
11805
21423
15789
3615
9898
23042
21309
10262
17882
20058
6277
10761
12681
3552
6973
3576
13250
1867
1861
8077
123
5331
1558
11694
1941
12505
2879
16269
23148
21243
17605
5873
21033
6202
16732
3984
2590
6615
15414
14710
11398
559
4563
20877
4028
4749
18656
3593
15360
19351
18387
20488
2831
21234
19496
20529
20525
12899
5215
2912
15086
10172
6670
18093
5886
16432
19490
22903
1660
14884
21372
9662
5766
10872
8263
8110
15198
20041
17037
16259
18546
8833
12673
6638
21541
2503
15463
16061
2249
8639
22775
10925
909
6991
13834
14872
19066
7620
1345
8969
17214
782
20311
8882
17726
5510
1335
9479
19634
10559
20583
13614
4224
13188
6295
22784
20733
18305
18536
10654
10434
1230
14070
230
15924
1816
10440
22809
15431
20121
19159
18682
6055
7182
1864
21317
16274
13256
2301
18854
794
14820
6113
14375
1339
459
22432
1889
9446
12426
15980
12801
21245
9621
7459
15400
21826
15944
11284
21935
22945
8138
20801
21358
13473
15633
4961
12466
7398
19730
20356
14806
14795
4120
3397
17431
16983
12190
6274
12279
5175
16296
2471
20671
272
17561
17272
5247
14244
21747
22491
4398
12678
18098
19338
13542
17737
18644
8616
19395
3788
10078
6634
13720
12694
16209
18022
7479
7358
22078
14899
1409
9837
8543
2941
9188
11051
17760
22710
21172
21695
10486
4842
13901
16607
7520
3064
3415
21116
18051
22087
14471
12138
10206
187
10726
4154
9081
2156
18232
3547
7095
3971
21058
12357
19079
834
13460
15938
12080
10425
8127
15477
3491
20212
4285
850
2867
21525
14066
9110
3356
13620
2526
20659
17106
20974
510
14748
18782
4203
4666
11914
8336
6729
2853
199
1700
23094
7504
1809
7161
18570
14794
2073
19039
10607
7813
21253
1655
8858
4509
10423
19170
645
7024
6472
10266
14562
22011
15143
9332
7316
4758
5348
22597
6945
11103
13806
15721
20301
18776
21141
20831
17
3119
2644
21106
17933
3629
21503
15058
19733
9319
8580
22990
9880
16595
18578
18014
21111
15589
6058
6510
13878
18275
14746
16511
15189
16842
22531
1916
4815
16452
10583
7346
3811
2465
8641
3224
7012
15323
7638
6024
20854
4914
19926
3728
526
17116
17968
5050
22677
17510
15528
20779
17843
5616
12186
3696
17062
21615
4031
1408
15279
427
20470
1954
12049
15531
23129
15959
20249
5324
22787
9700
3951
5890
8345
6967
19193
14897
11757
4300
13923
20487
12372
12317
10627
14021
19285
11620
10442
13511
20845
12214
9696
18153
5668
6322
23028
6641
1063
14763
9039
19053
8272
9998
10067
9190
16185
12774
18439
572
21911
21991
20558
4171
7583
13200
19580
15864
16639
18991
25
2822
20429
13826
21674
21632
22177
5394
10025
11361
14852
17389
748
14236
22272
3101
3405
5335
18500
4684
5840
681
15953
17649
18961
21992
15802
5291
12731
17302
7436
14559
5656
556
14098
12494
6871
12039
13524
22534
8410
158
14326
6867
10480
12839
20290
548
22978
1770
18150
3933
19639
1837
20505
7704
19544
11947
21809
19859
17329
22364
14435
14362
2433
21968
2856
16492
12127
2837
12954
307
10379
16155
17270
11758
8455
1006
11072
5581
22223
11701
14132
4678
8657
2785
21914
20771
6501
3400
14882
21628
19667
20957
21440
19009
10909
2612
3317
17511
5445
12315
12035
906
20176
16065
4516
7925
16119
10721
22603
5817
19249
1710
19036
22257
1978
8709
5953
19183
19006
4699
20078
17152
22708
23080
11233
10736
21724
16282
11926
10778
18127
11766
1629
13657
21155
16305
12695
17847
12007
19295
17576
23121
4308
13818
18640
3935
9231
8876
21764
7409
5614
22168
13171
11711
20830
15515
9303
9915
20940
13062
6172
22881
14182
6610
17989
16381
15648
21964
14280
1249
12118
7560
6117
1732
796
3459
16356
6570
18869
21480
17433
18063
18324
13676
15681
2031
21840
17824
13965
8079
9977
3403
4719
9975
1332
20303
8722
7461
17454
20870
7652
9241
18904
13569
22170
1649
21225
3663
4736
3887
21844
8559
9848
21785
2674
18971
4057
20753
18000
12331
16590
19013
5355
3504
2106
18330
18791
7644
7991
13309
14168
801
12460
20307
10272
1503
7878
14788
349
19650
4867
5070
17008
15627
2383
10204
8011
4982
9579
12720
18561
14342
1993
4969
12084
21621
2409
20636
1187
2355
1103
19234
9842
22538
16662
18615
6971
22741
3251
7731
16336
23047
11977
2377
12582
18671
11056
1959
5051
12860
21497
16154
16746
11983
20481
18977
7143
3370
5579
20944
21526
5137
21506
5867
10730
4174
2056
3165
17451
18317
12334
11372
9597
1168
8594
15606
913
7756
7343
5380
6170
14123
1703
14328
20798
7892
16303
2145
21859
7050
13206
7317
2545
13964
732
661
3784
4929
18954
12286
18585
19300
15280
20631
14248
21109
12063
21696
13486
14842
4384
17188
6701
12272
16246
15883
18159
22869
17341
9794
6171
20858
18176
20837
19732
6183
14980
8337
5393
16442
5526
22778
15816
19082
8456
7078
14337
21665
12676
14652
9017
11274
4104
7507
13734
14490
2652
15116
17541
21468
9983
4739
2320
8629
22502
7136
17111
9855
21850
17243
360
19411
9024
9812
9313
8910
912
8418
16945
19426
11260
22694
17807
8169
17485
12924
1460
12690
6855
22964
5597
6457
3034
11625
8246
14382
11428
5911
489
9072
51
6401
17739
8622
3292
14366
21001
3275
14728
16084
19416
3517
20164
11306
17487
4290
22863
22774
20632
10894
13817
20354
13334
4924
12633
6817
11996
14034
16051
3839
6782
21393
4954
12323
11645
16546
3553
13457
22012
9538
8541
18372
8913
16549
12607
13768
20438
2488
7603
5764
17185
10979
20140
2584
2050
2927
22734
4262
12335
8285
2072
14143
22777
22758
20135
13646
16376
10520
4063
15535
7961
8736
16217
21217
13835
17508
18981
19939
19718
22965
2058
6858
12124
21134
9173
15482
3996
12021
7938
11171
6983
18750
14511
9018
357
13320
12443
19848
2147
9251
7113
643
2194
15499
3843
18564
14055
11311
4051
17611
1848
8220
907
11326
14204
16435
11877
1634
2548
7464
3087
14400
11316
5753
4014
11129
13447
14294
17744
363
20388
2733
147
11602
16760
3421
11187
8040
2051
1224
4121
6053
21176
13035
17080
9302
14803
17632
17707
21380
670
16673
13921
495
6066
3204
20565
9839
11990
1702
2690
16383
4142
22864
19662
17917
21036
9262
20069
18197
9846
12256
18348
6542
22158
2339
6720
2531
9661
5256
11202
8796
21413
2045
3795
11079
16474
5486
15162
4992
16854
295
17841
12247
15719
17830
2336
3595
21215
15502
4949
20965
766
7168
13911
16213
15483
5044
3155
1404
838
7323
20868
9512
7849
12643
11640
20385
7077
17901
14638
14320
22536
157
8628
808
16957
12199
6368
8676
13474
15023
12232
6239
9549
5556
5621
16818
21552
9953
17895
13623
11532
3707
4240
3727
22792
20821
3496
17778
12010
1581
9897
4865
6825
13690
15171
4538
14544
8038
16229
13392
16095
19058
9776
22713
2244
18895
1174
17049
13827
19462
10978
5328
9607
692
6152
2140
13380
3099
19691
5975
17200
8369
753
4115
12297
22435
7748
3058
6950
2074
6908
4437
6585
8022
8439
21002
21000
16140
7921
2904
22644
12281
6297
13722
1274
20739
11366
3475
18597
11427
3246
11942
14798
9121
4967
17304
14892
2053
3833
16187
2463
12580
5874
22288
14807
898
16377
13512
13207
8361
11143
8600
5060
3359
15922
22896
10615
3355
22038
3006
12196
2830
15517
15731
13295
17969
17334
12993
8701
4099
9036
6140
13520
16032
5524
6590
10242
3002
12805
16157
14644
6523
21064
21094
1142
12236
15779
19359
16949
7123
6902
13791
2717
3233
4273
22065
11454
19599
12422
12994
10800
7062
13966
13465
12946
5226
12920
6321
7946
10421
18285
3279
16483
4496
69
18759
2768
18862
80
18874
2796
4940
4601
9006
14265
10904
6549
17836
4076
16169
15294
19098
18331
22572
19887
14302
18447
13573
17376
3478
21518
17888
16253
19108
16683
18475
7129
9651
2091
968
660
4640
20955
15479
18049
15819
18855
19558
14942
15325
12224
11622
22423
11974
14715
19040
2772
7478
19190
16520
6237
10581
4047
18125
17664
21866
13464
19773
8093
9650
17077
4210
10465
11404
586
18714
16177
2136
22820
22717
18975
16426
20120
5494
3424
7598
1893
14476
6831
20167
20161
1385
10640
751
9142
18356
15564
1005
19741
2648
1146
11168
13086
6675
14706
20196
20595
8860
17544
12245
4642
6197
14119
407
4081
10670
200
20264
7257
3918
5509
514
1251
14391
13054
16569
3223
21114
21759
17812
1673
5830
1643
3399
10951
4372
17517
16748
23072
1662
22277
14091
8404
1162
14365
13533
10183
7502
18292
14334
4379
18441
19777
4362
21344
20857
10810
22571
9443
14951
13252
12852
20028
1310
2835
17645
6069
1184
8547
17032
10219
16947
15521
23003
8144
14781
5640
9300
3669
10623
12240
1992
14539
13856
19891
21295
2679
1493
6479
17893
1018
4536
9085
10828
19023
5499
18242
204
4596
19796
3436
13864
1696
14218
11519
9819
420
11107
5229
3614
5936
14416
4729
13425
18117
887
100
9530
4147
19467
3299
12523
8892
5311
13304
22372
10899
919
20126
457
19706
20334
2087
5474
18464
12250
8275
2933
3936
8658
8259
635
8182
16357
11286
11810
351
1800
16654
1383
20401
16619
19999
22914
15167
2014
13348
9080
4363
2357
2596
19072
10757
16982
5290
5574
2359
19722
18384
10508
1093
22240
5367
10087
18741
20721
9694
1711
14687
8004
739
12097
8027
3826
1698
12815
2980
9724
20305
3441
8436
11953
1843
11912
2396
9536
6449
2138
18783
1544
19306
11978
1755
18373
10200
11182
12515
17659
13730
10658
10178
5660
16884
1989
8655
13382
15129
22197
6956
22350
6786
15682
14660
21117
16386
18281
19688
7976
21605
1096
16688
19176
2295
22028
15049
10247
5134
10340
8192
4625
22654
8193
690
10023
2739
12721
9940
17249
2450
19668
6962
17570
11217
19585
18800
4667
12173
11801
19969
21758
3304
12622
203
17222
13591
5962
9805
20939
15447
11069
8060
8553
448
8626
21131
22230
14607
6173
6780
29
17314
14295
17589
5648
12672
6423
10819
19438
1734
8588
17706
20355
15998
17189
23089
22838
3385
11431
8564
4272
12456
10793
13503
4809
21003
22659
6694
3052
9936
20228
9478
21160
6056
1004
15849
2642
7032
15154
4863
16320
7693
15676
21891
6450
9677
10767
14624
17990
19780
2116
15093
13498
15462
16808
19579
6023
21314
14097
12985
15080
10403
21837
10375
19247
10958
3783
17713
16715
9816
15393
5254
14582
15625
8021
5868
612
15022
1189
14401
21119
22036
19778
21924
11533
8933
14772
19465
15647
17468
13705
16790
21585
5760
2555
4691
144
6535
10579
17251
13044
1019
22253
3611
395
8347
12570
8776
16066
13228
1919
2042
1597
11426
21282
8760
19525
10279
18267
14724
17190
10542
17618
15030
3794
3911
16651
406
10764
22943
16056
18889
9507
1851
5136
13085
3431
4144
1120
7122
6333
1357
9801
18662
16092
10370
10040
12442
13519
2277
1199
18873
16714
13280
12030
14934
9984
19512
18696
17514
21037
17952
8889
6970
4249
12541
21612
9059
18438
2760
10348
17319
22705
1200
22818
9526
20649
22431
2181
23009
5058
4829
8156
12579
7356
9225
20027
16026
10843
9669
8856
16973
21345
18323
701
1636
13241
14547
11808
22052
587
7580
20715
7547
15813
8072
6979
9795
14288
1653
5559
14889
9156
16938
12330
12447
6230
282
14467
11716
13828
18829
17870
13455
7372
11176
14643
6528
21698
19489
21824
6347
6730
1962
19545
15184
14502
14695
15534
19898
12441
23084
10231
236
4315
20441
22406
21977
21943
1908
8261
2529
4751
7158
5293
5949
7656
8034
468
16457
12844
6077
1618
2687
7577
16581
21658
21496
21434
2546
1520
11042
1041
5877
2292
20510
3082
2441
22104
8563
3300
13774
1238
13829
22688
19415
10718
13243
4149
11661
3048
18419
22579
7200
22066
16786
90
23065
7607
19763
16844
23159
22396
1047
19086
16533
16580
17327
20994
20398
7825
15111
22878
705
19102
4974
7699
13374
12849
10617
1718
22256
7674
5632
19434
21971
17906
376
9141
7872
17050
10347
6323
957
9079
20333
8394
2272
21749
2278
6791
4097
8907
13993
3857
5032
13186
16412
2248
18667
2589
4805
16017
9387
21892
6601
6153
16451
12392
13245
6761
18304
16655
3412
11842
19294
3947
815
18516
22454
1865
3913
14001
13877
3574
308
7648
7023
7315
8469
8160
3765
10896
5704
6554
17972
9180
16878
8302
466
12314
4814
3943
6141
8769
5320
13781
14002
7967
6938
8289
15458
17911
8147
7431
9274
17787
5218
4937
9566
17236
20395
20725
6194
14127
7506
19480
14136
4839
13940
8212
12576
16596
3959
5234
9214
2607
14649
18453
21499
19191
13450
1030
12484
4704
16277
3043
10136
21976
19841
14311
21564
20818
11669
8522
17295
12947
15094
13840
265
16399
5754
21548
20924
5091
12604
15929
16997
1389
15168
16674
9338
6692
21417
7167
1945
17616
13787
16704
12876
18709
3861
22498
19464
13836
7365
19610
17484
11060
10226
6686
18421
17413
12922
22811
4052
15386
14684
18896
8061
22205
7375
8647
6460
3668
9284
11710
12648
13559
14956
1642
9449
16958
16370
9742
3201
6253
22803
9856
22487
20705
21435
6250
18540
14626
5102
19620
4486
19762
6861
11016
11662
14419
6875
10409
5006
21260
1137
2908
6301
8673
8952
14076
17949
11458
12769
14727
6810
1776
12266
7821
13860
3357
2501
12429
880
22269
21530
3135
19533
15002
22340
17260
175
3088
1528
9907
5265
14708
15460
10254
13880
18113
21251
12989
22490
8322
18837
7335
9899
17826
13666
20521
9299
21281
16887
13296
3315
17930
18730
18998
5201
1713
23136
9308
2331
22398
5346
18311
6167
16025
19350
5654
12519
14836
3608
11849
22862
9093
18665
15263
16406
2160
2810
2089
549
19343
15641
2090
14452
19077
16758
8198
16348
20896
1641
3531
10077
5961
2886
5804
12258
7329
8448
16151
16820
5456
4573
21347
13413
8964
12239
13584
7073
13336
11241
9541
20376
8992
10885
18638
10366
10089
12136
7893
22614
13232
3850
17125
15796
5822
21203
9275
20482
22800
15315
4578
10772
21515
15547
11833
1374
1707
4460
18204
1502
17638
16523
20163
1951
11610
19428
20692
22241
19565
7823
3968
14456
14374
11371
18390
22209
22501
8542
7191
6358
21474
20780
10103
9205
17554
11872
793
22526
19727
19115
7881
21057
16954
7532
21867
13321
11046
22679
12336
11423
20104
18579
3527
12385
11572
3799
3805
13199
8827
759
10154
7419
18956
10753
17942
3179
22583
20702
11951
3542
19925
2477
16781
16841
4628
2077
9625
14850
7411
10292
12956
15176
2201
12129
6256
7738
12964
4553
8593
159
8008
6759
6915
9162
19123
22089
18181
19955
7420
9611
13177
7855
13388
7920
15412
7347
20329
17682
14733
3675
8805
8747
18738
22555
2995
5855
20641
11823
10719
15000
18228
4731
21800
17228
20144
17558
15561
761
11929
17383
16070
4468
7155
1522
954
22347
4971
490
21668
3544
4035
19978
8167
15671
4499
5158
6178
22911
15538
8064
12476
17723
2641
22152
17311
5049
20170
939
15470
11502
4807
1198
889
5955
11057
13173
11592
17209
16690
17890
13570
7806
22411
19746
7336
17335
6298
21305
2257
13240
6052
17947
3200
14217
4641
22165
10098
9372
9804
9153
9477
13576
21915
3659
1081
1974
18291
22074
11115
15494
19227
3132
20899
11695
8592
2610
18294
20451
18821
5714
22110
7989
2030
8243
16133
6741
18769
12904
6394
18071
893
12978
20855
21643
9963
5707
8578
4623
301
20982
7397
9447
11893
17855
16659
17026
150
5103
14147
10706
23070
6812
1215
11253
10297
15653
10551
20171
4293
8461
4503
8627
6828
5406
10878
17663
19760
11762
15875
16170
19481
19721
3079
2780
12417
2129
15743
16302
13190
13799
12546
9094
216
12004
10993
6177
16689
3785
19181
19268
7932
21587
2811
22535
22056
13953
3145
13697
9070
8734
14010
11328
11466
17345
14990
1261
9224
21239
9138
15990
17297
13590
10949
8153
9614
11509
22128
14651
16539
12288
9519
5205
15967
18557
13366
3572
12645
21019
19607
12901
55
12188
1554
2734
14880
19307
12316
13886
7996
13060
14503
22643
1709
11448
8447
18911
16216
10676
21392
872
13278
14985
16852
18415
4735
18188
15010
14197
9001
14805
11385
6769
17585
19052
22697
6848
1490
1481
10585
5140
20761
22161
12072
15387
4639
3702
1556
8251
13703
19834
14615
6303
18517
17526
6733
15750
3375
11700
22249
5879
15257
9814
18944
48
17007
4226
8523
2729
12181
12241
1414
20557
19768
14454
6899
2929
5535
281
17377
21190
3900
1209
13642
5219
19957
700
10034
11732
22821
6027
2523
1219
19709
6480
5986
15005
8457
14977
2981
1845
14870
18610
15273
21285
15722
11890
634
17313
2788
16767
16754
3257
10255
12201
15256
9336
4888
19672
21654
1046
10945
11998
19552
16195
14309
5838
6594
22478
15618
17845
16685
2871
3226
4383
20244
18775
17637
9596
23114
22175
3472
9598
3922
13819
9673
15550
18035
21060
15034
8312
19113
3625
3338
7434
22171
16371
10717
3934
22210
17330
18026
431
14654
11956
8633
418
18509
12013
12212
3290
18581
13640
15899
13032
19683
20696
11955
12128
3147
21477
7755
18070
22015
3085
11629
9458
11049
13976
14542
17370
1984
21636
16756
14873
11927
15115
286
21845
15379
2016
1918
14967
6520
7251
6305
19977
13837
1969
17774
5009
725
12496
2059
18326
8715
19510
22153
21559
13484
22629
5231
15372
8771
122
7145
6026
18661
12391
4129
13750
3222
3239
1066
2472
2098
12187
11491
7824
10873
19998
14181
15932
11575
19165
9047
7339
19757
13545
19759
996
16374
2062
12082
19100
18626
20501
16238
9601
11950
10051
19742
12603
13566
22099
11745
5333
11045
10191
11340
455
6643
19608
6389
1934
20392
19657
3658
4822
17505
19398
10005
16881
11539
10105
15187
13867
7995
1190
10451
8309
7781
7049
4277
20119
140
7006
4910
2694
825
2402
19827
16324
7983
4204
18151
4417
5258
8003
11061
2070
3780
18929
1699
5088
22349
12806
1390
6900
17167
11834
21903
16778
17612
5093
20440
11314
8255
4011
14079
9291
1665
22558
7212
16388
15820
10833
17333
2524
17231
22617
12851
4116
8074
14939
18456
16438
5267
5966
3247
4335
21139
20611
15612
16952
7690
2580
15237
1430
5971
1995
22707
20243
4320
21877
9876
8205
11089
9442
4365
20014
12408
23097
8820
20647
8645
22438
15208
8463
11960
10377
4521
13565
22062
2055
17967
21901
22439
18463
22985
8363
1827
22917
22824
9956
22827
15798
12321
22021
19124
23056
4671
11676
9389
14822
17360
10033
826
21857
15518
11194
12312
6940
19731
7174
561
2214
3144
9108
7264
15203
20704
18194
13887
16977
22095
4595
15834
1841
14661
20267
13937
2917
21681
14214
4825
12377
552
1056
10157
19178
21869
16827
13237
1353
11116
5182
21784
5257
11753
9044
10429
3329
13048
9652
5287
14634
20616
18465
11421
17496
17916
5788
7088
3618
14482
5178
15603
15083
7066
267
12668
15891
15097
15507
21909
11702
942
14237
12203
13928
8214
21249
10515
5416
696
11480
7653
16737
22225
10769
16589
611
10291
12464
6348
16692
3925
2606
7847
4088
3238
15334
2812
13439
22410
19959
18699
20598
7780
11283
1474
15245
16364
16675
9118
12087
8306
14570
17481
8372
18995
20843
1265
588
16443
5188
5790
17023
21738
10875
1348
11416
17811
22464
63
11252
3191
2417
12324
9782
17399
19945
11588
16679
5820
12551
9089
16261
20241
11183
18930
6579
17412
15088
6749
14940
16772
14500
7626
9844
21928
3217
17473
5210
13990
17170
1320
5434
14239
17834
23004
10983
6763
9780
10642
9340
13933
2101
9111
8178
18861
10918
22559
616
1410
6051
4592
17771
20797
9824
21453
21200
14982
4297
22750
12870
18476
17235
2756
13001
186
7715
12488
2303
14427
7853
8930
15241
1468
16965
20523
22810
19518
11435
11087
4183
7833
17606
5270
9104
18586
11151
9249
16424
3768
9473
3335
15847
22282
17308
13593
12166
10282
6844
21883
18606
15811
19806
16547
15692
17525
5235
20116
3456
19916
9740
2825
15281
14594
19383
3631
14032
6981
16998
11670
6731
4429
1337
22631
22199
1023
22613
17961
15588
17074
11909
18853
13148
8743
13707
19425
12797
9328
17831
1529
46
14410
2765
13203
9862
20810
3592
20768
2881
8500
14867
2035
314
178
9560
15867
20714
2105
15196
4646
1166
1946
16653
8323
4840
1003
4269
3532
3876
1681
607
18749
13619
13
8349
18103
6789
3083
22216
9258
6000
21934
12230
17221
4984
3205
367
3616
22537
9867
2513
6672
12960
2367
1736
2337
4900
2703
7003
11210
4571
4163
7485
8529
15445
21406
21602
2862
17447
8825
20514
9218
9186
4676
17021
13193
11319
16794
2036
13204
14051
2017
7203
1360
13912
22595
3428
11496
6258
6377
3090
14962
3382
22330
5166
8042
18807
10611
8152
15783
22496
14944
6527
5047
14670
20754
19851
13927
21881
15079
21022
1266
22286
10629
15495
15016
22802
20959
12454
21394
8983
22718
12728
6248
21284
22701
13354
8381
19198
2128
20044
8955
11825
657
6919
3167
20194
9310
17126
9645
952
10176
10763
19375
17070
19242
1107
6895
4245
16564
15223
22382
4634
10886
2213
19784
1456
20966
5783
9351
2108
22067
10140
15901
21362
659
16613
9743
11309
933
15261
362
8762
21100
20216
18043
16082
413
709
2270
18332
2673
5139
8719
19676
12215
21962
1454
22602
9077
10942
18101
18367
13282
23112
18841
790
20755
6532
6304
2562
528
8059
7681
15174
672
22046
649
9330
13444
3212
6779
9760
21263
6145
22832
22640
18649
20504
6361
3068
8911
16267
5652
15777
10352
18913
7051
3182
8620
12154
1208
18596
5162
3291
5850
19372
4581
10543
3161
7771
17150
1242
9796
21551
15228
6553
14865
16813
9035
16287
15741
22142
19815
318
22437
1781
6857
21705
19192
22131
4079
22840
11333
2731
1515
7936
14432
17493
15040
8122
7394
14429
17965
11484
12856
14191
19403
4748
20485
15642
22795
10006
183
17599
14064
6599
5700
9382
388
12487
10267
6125
22115
18354
17714
21475
12785
7279
4994
17191
10744
5251
15015
16143
23048
6806
473
19861
7406
6788
11535
19675
5843
1112
737
4489
12485
1417
11797
2149
3529
19255
8598
14677
7128
20284
20814
16664
17041
8757
17538
5411
13724
11874
22804
8095
4400
2746
21554
20467
19648
15195
22151
14726
5744
17254
1901
9161
1013
1247
7596
13881
7180
20327
22693
11473
21498
18736
18003
3600
11907
17351
1102
10545
5382
3009
19682
10212
10393
18705
14793
13634
11878
19958
19241
3131
15767
15286
6418
7943
8346
10902
14514
19217
8373
18872
14019
15375
16967
10948
7677
5459
6710
1336
21802
7803
14732
20004
17805
10197
1026
12896
4105
16860
21005
3741
4524
22356
16726
4726
22358
2333
13270
8379
7564
4755
9578
1147
9716
12418
16514
9301
22927
1022
17909
10675
6402
9333
18119
3640
21415
9392
16198
8712
21107
20519
6385
17010
4236
20897
8501
5369
1278
21820
6412
3152
3001
20101
18609
5413
9521
16429
3163
1675
12816
7368
5602
18659
10550
927
5138
13004
21608
10132
12973
2297
21170
7516
15329
17772
20930
2424
21431
9113
14444
15997
19133
6920
3089
21996
7777
18016
3528
18118
2064
19534
16405
3754
13726
13246
14278
13595
13009
11730
20169
2689
22112
11933
12262
7856
14222
16365
8467
17489
14154
22600
10308
22716
18422
20920
2965
14049
3761
11873
15401
15506
120
15053
654
3837
3122
18034
19805
5422
2605
15962
6543
2899
11389
19206
16882
13798
10907
22006
2521
17522
18161
21402
8745
18892
13209
15267
11208
10663
14971
14786
6078
19822
17449
8310
13885
19892
21370
15145
22663
14125
12945
12098
23113
10974
11840
19051
2541
20106
10349
18605
4745
18530
1980
18511
22880
3153
3906
3102
1032
15863
13145
14912
9713
2903
3500
14238
10796
14584
7634
4306
22140
938
12988
22450
23074
18430
3939
16078
21590
5567
2832
20777
16535
1480
20534
3890
7839
13769
8818
4291
7671
12735
15007
1262
11272
10205
8711
2801
8581
4959
20132
17072
7802
4333
16271
13328
18180
337
18334
22552
22017
6240
3863
21202
8880
3156
787
8140
4103
13989
5066
6405
21192
9575
5701
16427
19171
21184
7588
59
18424
10148
7492
12303
3342
8802
19010
8984
19141
10223
1318
1573
13316
17426
1804
3524
16488
10776
14947
3202
18079
2742
14972
1853
11365
2525
20297
4415
17745
5360
17639
6
18690
21332
4305
7359
10864
19203
16001
11786
15369
2515
16632
1688
19792
21151
20746
15410
18676
17735
16498
21367
2456
8320
13553
6176
1072
11699
17950
366
4200
15911
4378
20812
15914
15135
22540
18085
10672
7450
19230
7445
2697
2829
3169
18142
1342
23005
22470
20571
18434
16268
890
12990
16072
17767
5908
14817
7201
6409
2726
1133
2390
20680
1766
16839
3582
13154
12026
18289
18177
6108
22739
4337
17546
3923
9170
18486
897
22303
18932
19139
5338
22719
15455
9055
1084
19701
15898
12691
5313
16050
11417
4193
16515
5308
19092
19047
7871
17369
6795
4231
18524
15278
7725
154
20238
4695
16144
8511
4853
8185
16327
11324
8125
5610
1866
6090
11422
21576
4153
16089
11342
19597
8105
6623
3245
6228
3430
14310
13436
5151
11064
14394
1021
17747
231
20484
3873
8804
12795
3240
21861
4225
9746
11812
15262
21720
1365
11277
819
11413
20372
19984
1844
19491
14590
7680
10416
20081
19364
15543
1340
21334
426
21020
15309
2955
17913
20283
13778
9663
21144
13074
15759
9986
14060
16186
6516
9169
22147
20548
18576
18966
11273
6815
1363
16556
16455
7563
5314
20880
14200
22264
3823
12714
8864
10302
14890
18965
6476
4064
5672
18006
11212
4233
502
5944
21242
3037
15688
19433
4110
4447
6747
18193
18102
19080
14356
12857
11585
9731
16611
16507
21219
21594
9112
21592
8391
14829
3651
12836
14768
18916
11053
22968
15341
686
16450
17986
8225
12621
2924
16516
4670
17068
9042
7080
11424
15822
2365
15466
17889
7814
5407
5429
3172
4309
21811
22875
17084
19853
21359
17331
10678
20892
6096
17137
11581
12662
4202
15857
21501
6852
18611
19602
224
12038
17163
9050
21626
1139
14324
3789
4891
3874
20708
21208
10727
21791
18165
6754
3196
13373
12713
3856
12268
13141
16010
12345
1542
5378
10456
4542
11068
757
11238
13546
20079
20100
2668
6346
20312
7425
197
8114
21945
17392
3854
5734
12606
6451
19174
15934
13783
14480
18552
3808
21651
13575
15858
4209
3533
7710
852
4431
2807
5607
8586
7007
2420
15878
17091
9648
4501
2479
20844
797
1793
5278
4903
2344
1694
8766
10877
20491
12965
15449
5702
4440
10673
9674
4906
18587
19628
2974
12755
1603
6574
7352
22971
2250
5718
5993
6238
6721
7551
11550
18650
13121
16970
9833
16030
3374
21481
19710
12871
17759
14506
17874
17467
8351
4015
16843
4170
21316
19371
9634
8870
7951
936
8082
11521
6204
10419
6992
4934
839
5590
19226
13848
12881
17601
12574
18839
6892
18607
7726
2777
2625
17478
22888
16323
20642
19366
14591
19341
17452
14186
9714
9997
16711
8266
9133
1903
5642
12141
20047
18625
18770
9702
18727
9849
19275
4066
20407
21634
4873
13551
5746
21247
3570
19303
14226
15313
16637
3872
9873
17098
4650
19826
5560
12654
11871
6285
8019
21827
14231
4125
16770
7785
89
8915
13152
7025
4858
12210
4263
17531
9933
11377
18018
14305
15113
103
15216
21369
22923
21819
11446
14074
14831
7444
22250
17945
9343
20379
119
2557
11557
7448
11614
1321
21031
15573
10758
3005
511
8339
13516
22993
5553
16775
21894
5180
6428
10701
6597
20155
17902
7829
2847
5964
5837
12178
15576
264
820
17148
17427
16644
20373
405
18847
8684
12718
20045
15190
20020
6926
21880
6042
11144
7536
12745
12618
20978
14108
9765
2506
12792
1907
5227
18020
20262
5871
3708
12685
1507
2962
18400
423
8823
7259
8131
8396
900
19112
3678
10444
10724
3115
13108
4953
20335
15222
2356
13532
11341
7185
6080
7276
3556
21762
20394
54
21265
7651
15119
22408
1268
13485
16236
17100
10047
2868
7093
19689
5112
10660
7971
12908
20863
14344
332
17502
6768
9456
9505
3948
22429
14975
17862
5887
15276
16609
3577
1806
2168
4062
11378
4788
18601
17748
14339
3453
16829
20717
20098
7556
22662
9612
20605
8284
14504
4413
10284
19934
21457
30
13265
19030
202
2461
19449
10567
19450
16411
13610
16739
12358
16059
14172
22569
20975
14877
16194
5160
11157
19475
19413
15125
21441
2711
19142
7005
3325
16100
9087
3277
17257
10943
233
22094
15801
7350
23030
4150
662
18938
20220
17793
20989
5342
2967
13261
11554
21335
22477
487
6242
8294
9581
2993
14142
9463
15897
9492
16850
17391
15611
2048
7238
15405
11037
5153
7417
10063
615
23138
15790
2608
3468
11232
20105
22528
10518
23100
5440
5354
10145
20410
7388
6446
19914
6755
3044
4357
16414
20021
8274
22941
9570
4118
2692
5653
10817
11152
4561
20109
16041
2797
1384
2508
12535
4784
4597
17119
2243
21589
22532
2291
16606
11698
17031
8974
16506
929
17019
8324
21386
6061
19782
15264
14155
14249
18252
18081
8057
9324
10001
13719
13475
11800
10280
8965
6393
20365
21086
9882
5615
7106
7807
18179
16668
15885
2342
12207
1288
8602
3974
13438
17133
2520
1849
9323
4058
1960
22308
15340
5157
13329
3513
6504
14699
1319
13847
5633
5703
20492
3791
8424
1839
15454
8936
16720
19318
11269
20785
10246
9769
12705
18284
17179
7768
19994
6452
17643
11777
21102
12394
11726
8537
12228
22181
6050
3253
17698
13983
8333
5391
10484
568
4139
17878
4020
22858
918
16210
2117
11852
5605
4444
13587
6406
16044
348
3915
16126
2803
979
7994
7330
3852
10257
1938
15558
10420
11121
15775
2019
1575
10032
2958
22281
10084
304
8327
18083
16796
5361
7207
20579
14275
14017
20809
15559
148
9970
18160
2480
11207
15989
11820
12759
1795
1225
17732
20551
12229
15500
11607
12406
837
1651
3790
6475
21904
1453
16600
22049
17665
19829
6985
9063
22189
10294
2186
21327
9699
7072
7048
22266
9558
3020
19260
13396
22207
3124
12273
995
17464
17881
19631
19161
13488
6537
5722
21279
18212
2412
22027
20141
11213
15359
4897
18259
16905
1557
20765
21286
19414
1892
18515
16190
4265
5919
3030
2196
11218
16897
6132
19199
11985
7059
9083
19840
4968
5299
8863
4702
1654
6315
7030
5457
21171
6907
19293
8650
19941
5118
2914
327
11987
11155
19658
813
4977
18600
443
20358
13924
243
5473
18529
12140
3499
13846
10169
5405
8781
21739
22721
4391
12495
20627
18909
18563
11881
15964
17039
5630
22901
3189
22756
3076
9032
22081
9102
8544
12756
6235
22910
16591
20976
1610
8451
728
15339
22628
6037
5792
19619
8690
13168
4507
5935
11206
10026
12301
18551
13468
1379
21007
1997
14141
19953
16701
4517
17294
2012
9972
3810
3589
2997
9640
22794
21381
16212
2258
14247
9853
1807
21567
21825
11807
21096
22100
19774
3885
9600
12796
22401
17844
17455
21246
7477
19553
16771
20364
6466
19074
1824
21165
20824
11811
7722
12625
13560
4012
22041
4005
17380
13852
22735
6722
1243
11705
14961
9414
15985
16853
12117
15714
6263
2838
720
21557
10722
22092
15357
14907
16034
7435
10064
6002
1241
6149
18220
21269
17361
6218
9307
22380
2404
3539
3100
15942
4687
17414
21993
4535
7750
70
15295
5127
6201
15249
17563
13281
19231
20667
18804
9177
976
4475
13129
8142
16503
9845
3227
11162
4598
10687
9280
9405
19500
18943
19172
1394
22184
5418
8857
1228
6591
5912
19595
20718
20500
620
10186
1937
11301
11516
8134
4077
3688
3992
5612
21054
20807
16378
21063
22471
11158
829
18374
17440
5827
2988
15057
7296
11203
2060
4450
16180
22313
21360
15388
9475
7378
16716
2915
6169
22566
14545
7097
8636
10316
9852
19430
17504
4672
16054
5366
865
8158
7433
9406
15562
4356
22234
10839
3444
2462
4574
13780
9358
6276
9999
9613
17556
11200
488
12027
19786
13683
3661
9544
3437
4432
12683
22204
17165
22157
4155
4674
5623
20547
12457
8362
15120
12313
3801
3134
18396
12354
1355
6969
13322
13861
6764
19549
2399
3781
20873
22622
8746
18635
3033
14465
7089
4655
3297
10553
18999
4321
18328
12307
325
13314
3960
22860
8068
1533
21273
4741
22692
8571
5852
7809
9827
16837
6616
8549
5583
403
16403
17660
8354
4582
5461
4405
11903
9903
19138
652
6123
1304
20928
20834
6013
7567
16578
15175
538
8117
12361
4577
11788
13052
7150
16788
9379
16053
11224
13179
22564
60
17515
9191
15689
8732
14613
11599
8798
11902
11331
11677
11828
2775
8385
1996
2002
15729
3725
13112
14442
19864
1747
22684
14274
10962
19104
20536
19487
12356
11098
11768
6612
17030
12593
15029
11574
36
2695
23160
8920
15351
6387
9553
9610
3739
8912
5337
4894
8567
15099
3067
14408
16888
22428
3302
5403
6110
13073
13766
57
16963
6036
21006
2628
14929
10984
9216
4197
1552
13386
4449
7599
6414
13063
23141
19488
7235
2326
22059
21201
20711
9858
20343
20802
3512
21821
14968
21408
2453
4000
2473
5694
15075
3346
12209
5767
2125
4345
19237
7147
11125
22167
5362
8698
14848
10608
16345
5730
8044
8398
14327
9546
20490
13630
843
9192
6977
2551
12333
19791
19819
1676
13792
3560
5074
9633
2057
13794
2880
17654
9067
6313
19358
5323
22449
10760
8016
12581
8919
17835
16730
1071
18007
5450
5800
1236
10844
12898
10955
15941
9955
15532
16548
10457
10405
7724
1559
5948
19266
14458
14099
11445
4255
20133
12470
15854
5698
6267
15874
14335
11637
7308
22512
15293
4455
19344
4140
11569
17559
22919
16086
5463
20423
983
2793
19823
6367
13072
19674
2362
20351
2982
9522
19269
22543
617
3525
10852
8950
7040
2202
8561
19429
21261
7138
21445
4006
1334
3003
15333
3516
16387
13467
17015
4823
11813
14451
19606
3434
22700
668
3502
16240
15081
16299
4381
13291
22238
10580
3249
5646
10299
19493
10326
9644
12463
14259
1091
17885
12292
23013
16857
1014
5785
3366
6146
19229
13158
1944
20724
14319
21216
19627
16693
1297
10296
1407
4810
21373
20480
848
306
8218
566
2189
8982
8257
17946
9775
3465
7712
14448
6839
10802
19991
12910
5438
18721
13866
19505
10938
7218
6089
19593
4727
6929
18949
16349
14859
905
4059
8411
12147
3187
22479
2749
10129
1923
6602
18836
23085
17891
12499
14281
5446
1640
1483
8785
22798
19296
15299
20186
12368
19214
22357
18931
21385
9718
5211
14030
5152
21093
7249
7531
6740
20025
20103
20744
8925
21231
3173
10930
6774
15736
18077
2401
19623
23104
6039
7178
22083
22551
3602
4530
16587
18894
8980
8479
18918
9630
435
18480
15776
10343
20425
20726
17115
16968
16283
864
12008
17203
18653
19576
15766
15707
8013
3116
3312
15780
11552
6282
4763
19324
10521
16773
22499
18467
4575
16621
22060
17786
137
18315
2314
2921
10386
3613
18491
8315
13324
6728
7808
12527
22424
15417
4497
7522
9272
9436
10562
1352
5818
13779
20076
18526
1053
17859
484
8371
21105
16252
1440
19435
2172
4794
18302
11504
8764
5696
19027
5200
973
2878
20184
8940
12274
17928
5989
14388
21204
20201
21056
10797
9555
21582
19625
22243
4317
1998
12634
14597
19356
18329
3965
2231
3646
12750
2964
16139
19737
16407
10565
18912
136
1452
16936
5295
18075
14188
5682
14529
9632
16903
8761
16330
11868
15343
8837
7539
3957
5503
7266
10842
7
14329
9647
2318
4037
14532
18053
15238
11642
9004
12202
16915
18658
697
21989
18648
7105
11839
13045
8852
19071
20218
17899
13832
18900
12211
2763
18256
5497
16167
1477
3056
22755
12800
9971
8316
15662
12615
3211
5039
21542
16931
14016
21301
14690
17499
19591
17011
8692
21711
10110
1040
12468
11149
7196
15621
12967
7016
21521
21277
4756
12819
13069
18618
10652
142
5273
6255
3760
5717
11994
21753
9679
11447
6987
10112
20990
254
14790
5676
10526
1926
14409
1125
21925
12612
17016
20350
16918
18875
21076
10271
6054
6503
19148
18050
14122
438
18089
19665
20221
15861
247
117
19354
21609
12642
16765
22206
5917
22504
6354
625
18019
11802
8926
914
19446
6038
1894
9233
5292
18670
19970
12
15753
12132
4792
4480
20298
18174
22623
8565
1846
17248
16201
7471
21187
20386
9289
23076
6708
20082
12952
19194
2192
21343
8683
2774
637
14000
3599
6072
22323
18005
708
19189
12874
298
19314
12359
12513
3387
18215
18287
17634
4612
21905
11847
9670
1752
11862
19714
6221
12996
18001
21511
20634
9215
21310
16694
7474
12595
7559
16583
4771
9861
14608
6628
17856
13015
20370
8988
22259
903
21539
19973
20062
11405
19070
4425
18976
10220
19880
771
22452
20778
7537
12770
11058
15438
22909
22912
14702
14752
14282
17842
21517
73
3745
1050
20694
18711
9603
21014
19211
14871
3931
11664
19530
12823
17519
6338
1715
22377
10276
3070
621
10369
2564
19937
5595
4253
627
14298
17325
10141
15656
3853
7719
6246
1759
16885
7975
15809
3157
8069
3657
19506
2814
1881
10497
18512
2493
17560
4207
12923
3452
19633
12409
4477
22139
6706
5599
1876
4374
2758
4540
2165
5882
11353
18086
2313
1068
7793
977
17151
8054
17803
19960
8672
19270
3175
21767
379
13458
6271
6796
20566
32
22868
8223
16805
2061
18072
14483
5216
14027
21324
3978
4912
11738
6296
20651
19956
17040
18629
8023
16098
5471
7642
22940
19561
9831
12440
15570
18214
18359
23115
18756
19692
764
22977
8865
3994
5740
4525
21740
8608
11298
11443
7746
4887
7441
14215
3278
15374
16894
4991
8187
19524
12242
17099
4494
18702
15042
12320
432
1048
19477
17238
13223
15380
21779
3168
22730
20515
6071
3330
2802
21562
20560
14255
6507
15160
11084
12827
4673
19566
7586
20619
6750
10998
11680
3219
12620
7391
8968
20405
17721
8148
15192
7794
4533
15907
16129
10496
9815
18877
17780
9584
23134
11026
7832
21471
9513
10119
666
8071
14823
10160
1276
14750
15577
7215
20587
12538
15855
14422
8364
16300
4242
8648
17910
18790
2957
12216
1371
21574
22983
16462
22072
7414
21043
624
17823
20160
22263
585
12913
14633
9288
8533
1551
11256
14548
4604
6898
19824
7688
5857
5728
3975
19604
6432
16489
17320
10295
10113
20281
19179
15509
11643
13617
8089
17418
21898
23147
22994
2327
20393
9043
283
9107
13813
4428
14167
5771
3679
20787
8868
14475
10634
1714
16362
5276
18227
10108
18923
18004
14729
6017
16307
3691
5531
11003
19550
14279
16107
1471
6100
16464
13529
18523
19078
10285
16440
8979
2
20339
18466
7355
4895
8449
10633
9347
12040
6891
3899
2820
7517
12146
20432
20072
2308
9825
18620
12588
8092
14331
8217
20225
15491
21512
10037
6014
12587
19724
18695
13718
2287
8388
23150
15824
20927
4223
19671
22581
12328
6624
13522
2307
20469
6660
13644
13142
20404
10614
6849
14340
1548
6318
20652
19879
812
3673
13849
11964
2821
2483
22589
17296
8392
11021
14881
12539
12911
4488
3882
2348
7990
5330
1979
23118
3448
4742
5271
604
8208
16776
17620
19045
12887
13747
14984
22576
5965
14964
4780
17240
12062
8770
13012
6244
469
10472
11379
9287
11367
11675
1000
16484
13785
16392
14481
13980
8499
2122
12099
17809
17323
16019
2221
17937
5999
4465
21463
11649
6614
11957
13409
5866
16847
398
92
8959
17438
20234
20988
4048
17005
7229
1608
14403
2188
17264
7281
9793
14745
22405
6492
17851
6392
2934
19005
2049
15695
5686
13227
7035
14196
20533
683
20985
924
22675
9730
6007
5860
11295
2205
13097
2224
15579
211
5806
618
18059
11160
9211
13344
19542
19734
20687
10834
988
21884
20594
20808
20853
17226
16297
2735
22986
20992
22627
10745
14541
5996
4834
14705
15024
19049
18744
19007
3015
10523
3767
23162
3142
3327
20822
10616
18857
1545
15630
11551
1672
7326
9798
6142
6939
5878
3954
3411
4580
6944
4778
11674
13831
1127
22639
9961
22456
11248
20209
11139
18489
7844
4584
10041
9421
6223
15583
18366
11919
16003
10088
8995
141
20969
18090
910
18948
7484
3151
14474
21074
1720
324
19870
16797
21886
5977
20738
20886
21077
4376
20137
20872
5530
5305
16291
7697
1693
6060
21458
16640
13195
13214
20700
1078
18592
19971
13094
9929
18473
18706
8744
18346
20919
16468
5357
13985
1194
17435
6913
3381
14252
7792
12114
14714
15324
596
2720
20417
14270
7519
3995
8453
13331
3898
18398
4864
18572
17614
4395
56
5501
15063
12979
17964
21157
10143
10883
20483
21363
19444
8238
3348
7428
16734
18590
17472
13068
8452
9105
17509
11093
3605
9980
15084
5079
228
20723
3601
6430
6462
1695
18824
240
18426
8725
22201
13632
12332
917
14599
11323
3019
3383
2478
17460
623
7992
4941
18634
22310
4768
21805
499
16131
16459
2532
1991
20092
9423
12102
4554
5863
14656
22339
2044
18187
4868
8268
18504
8279
12078
3126
15291
20604
2228
3867
5776
11288
7332
12786
8036
10570
6606
16849
18446
16682
22833
205
19345
7283
18959
10703
7729
23086
4244
22799
13260
19363
13133
166
1106
20575
3262
17395
6268
13797
11299
16454
16745
16603
11498
22591
1783
3594
13269
11255
4698
8782
10146
22699
13283
4689
17622
5208
14496
13667
11386
19793
9916
10066
6330
19267
10851
14862
4164
16289
3133
10065
22676
15274
10686
5120
18462
21214
16738
18283
9096
14138
18758
4323
6233
373
19126
18910
7370
14296
492
16681
10235
2759
5063
18761
20009
18785
10734
9624
14932
14834
17529
22562
9580
2444
4541
18461
11503
11704
19400
6988
17365
2296
20759
20614
581
10568
5365
17657
2740
22850
11488
13536
15070
7664
14170
19377
1840
13359
3633
17210
6767
13051
20562
530
14959
4205
1679
16927
2615
7499
17701
16751
19140
15021
10863
3590
12068
8188
8376
15061
8043
13277
8186
12393
15200
6853
8905
5272
3454
6270
13381
3787
2594
4152
9554
9144
22995
21306
3111
15778
7385
6068
12589
15183
4404
10684
10378
20998
18360
786
11596
4545
694
14149
19616
7733
2994
33
7962
15204
6646
14916
21796
13517
16340
507
5415
8378
5968
19862
949
15619
1164
9912
2170
4257
4902
12708
18803
18108
1212
16270
7854
716
6079
7439
4485
3983
734
11038
16286
9388
18060
10071
17366
18391
2846
8516
630
22114
9312
18955
12811
12969
9660
17216
9294
18898
20699
7367
22846
8377
12909
19589
22812
4039
13549
21535
18088
11915
21653
19418
5146
9165
16620
13661
9069
10895
18627
8585
18262
11117
7846
5344
12637
4909
17536
1380
17193
16204
9738
3734
23128
21689
22030
14534
1338
4247
17975
18604
17053
18278
20426
21870
14014
564
4324
14028
21966
13739
16422
19775
270
22690
974
6032
12810
7705
14953
9823
13547
8045
1027
19843
20414
722
6598
17138
6310
21737
17661
18277
11613
11278
4543
15221
10804
16101
13963
15381
9627
12936
18994
15995
16649
3410
14258
743
16159
382
19445
14815
1233
20556
4820
10433
12075
6878
22514
8603
15085
5204
1805
15792
18719
5834
7958
6384
21639
19339
14759
22314
13421
18171
9593
5751
20569
17765
3109
18668
10831
1301
8332
5085
21271
1691
17927
21015
8552
14491
13367
15994
16048
16081
16244
6951
557
22475
10239
15712
14468
13973
12112
20791
9708
88
6025
2723
14150
5973
9786
18884
15318
2677
20731
17644
9435
21588
12234
1327
1914
4049
12761
7978
8473
8262
13552
8527
3825
11540
19699
15634
16172
3055
11220
3821
9145
10968
13395
16575
9947
300
161
12134
19863
6272
21283
12631
17816
198
9922
20933
7199
22942
17001
22669
21194
9057
2131
13929
8897
21682
5149
12306
13130
8395
7884
14621
16319
15772
21010
17494
14628
15461
10268
16141
8474
6004
14022
2852
12853
553
17755
8973
15862
1448
145
4246
17613
19219
303
12693
8485
20850
9535
4843
20926
23069
6337
22743
11895
8904
11318
8180
11335
14260
8017
6175
18934
11310
6901
3218
333
18061
15493
8934
4734
22573
12305
12742
18525
8532
20180
6656
11638
14784
14525
14618
4510
8496
10950
19340
7514
15835
7905
3000
4243
13967
3392
19282
3363
13679
20685
16359
17225
13744
9655
6195
4932
3687
7790
8826
19584
16629
6266
3466
21342
20377
5260
2376
15635
430
2282
11750
21041
8566
17480
22586
5374
14139
11266
16264
22661
22548
3828
21027
11751
16055
19845
22148
12522
4044
9217
7151
3730
22769
6021
14866
1988
7255
14893
192
4302
22482
20498
7031
8942
21578
11145
10181
18110
17290
22870
2425
18408
13974
18112
12578
18693
21708
1287
20607
3461
10535
20362
2918
19573
21237
22577
8704
10592
8706
13082
5012
12208
4520
12388
13391
10210
9684
16979
18519
20368
1016
6483
5889
5123
18577
10564
16164
20382
10106
21186
11875
22309
2633
18073
20554
7348
18728
4017
5326
14943
13757
2442
391
17328
16369
9606
23067
21065
7389
19127
14352
13005
20285
21975
21248
9616
15308
6869
21089
7857
5945
4562
2011
5608
10933
6657
10534
17635
8908
12592
861
138
98
52
15814
7305
4199
16245
1264
9346
7685
10485
22261
7904
5370
1931
3229
21462
21133
1761
14843
12754
2345
11752
869
1897
5769
3314
20128
8963
13102
10177
6799
3422
13700
10708
16518
3027
12373
496
22224
6208
15626
8957
1644
3779
480
17090
20686
14819
4511
6637
3705
21424
16747
2121
13527
20800
12029
21553
7410
5259
11791
1237
22906
14012
8145
4836
10779
18095
3258
9739
22541
16281
11382
6379
10859
21950
16576
20664
7210
8661
8437
13755
6648
8422
20019
7919
21351
15141
4399
6380
15527
17839
6930
10858
21938
22091
10710
3932
17197
15510
18831
6227
20130
6846
17375
13092
10384
22285
14137
2597
20389
22426
3568
18123
19026
2407
10188
20402
12596
1478
17903
22111
841
5351
22776
18219
632
10826
2781
6497
8787
15757
9840
13248
218
12424
7195
2753
7741
170
10261
16482
8710
22294
8335
5823
8202
15596
5444
1038
17410
6805
5108
6454
7041
5772
4458
12917
21473
10609
1814
1258
15415
12794
10201
4476
14404
23101
20147
8842
2406
9668
13423
11941
998
8795
21932
10426
9500
309
10982
21722
4528
1121
1765
10238
4162
11908
22198
18681
6746
449
18152
7526
6576
2094
20842
1777
14767
3188
6196
5711
1101
3571
1366
12516
9532
1029
6525
20518
20506
8579
14787
8699
6365
3114
15152
9356
15613
12635
7135
18067
21920
17584
20293
21657
11571
9465
20986
18312
11946
125
11100
22386
22953
13854
14717
17982
10498
10725
4925
13231
11214
17052
23157
17428
2959
4268
14349
16476
2335
10189
11589
13337
15327
20236
13427
16652
3230
19265
16513
4294
13581
6700
20527
2702
18566
21013
10707
2575
8465
9757
22289
19881
14106
18399
5967
3470
2683
19574
23016
21069
12688
5669
21890
8575
15703
21606
21048
11621
9721
1619
22
8840
17800
21858
7868
12873
12525
15432
3642
11302
4185
5275
1929
346
22221
20420
18175
22786
14647
17044
1455
13333
21091
5156
14579
11720
2728
22527
3695
19240
18279
9462
18957
18826
13289
12192
12405
7508
926
11146
18992
22211
14966
710
21838
3644
1485
3075
10488
1833
3413
2332
14563
10069
16879
3865
206
23014
7783
22298
4040
16005
5284
7402
15926
4491
3492
13905
15332
14118
6006
19527
10884
7575
22419
22150
21238
10082
3771
1151
253
3236
13144
12629
13821
16504
331
4556
7678
13047
12789
1259
20693
4789
22866
7850
12096
1935
19188
11015
15658
68
9428
8113
19568
5470
18502
15112
5455
4010
18169
3177
669
9157
4620
14573
21577
1692
17501
2664
11831
15782
1645
2385
12340
14600
16342
22891
6573
3368
1977
6645
17357
5952
18764
1210
5097
1569
19529
23099
16678
20331
19212
20177
14112
15169
12971
4513
1007
19328
8348
13883
22024
17727
7322
13131
10963
8987
21075
20138
18707
2761
18406
14566
9176
5768
13057
1420
18468
11547
10243
679
2849
10237
11921
3683
3336
8917
19652
16658
19951
16710
4228
261
6339
15728
20095
3371
7924
7615
4053
12730
16718
17625
19421
1469
3855
10260
7960
6161
10277
19105
21871
21482
11513
21895
7799
10723
9445
3320
16695
1382
6704
20578
14358
6312
20314
16749
11364
4126
809
11287
15475
6010
14610
11030
13155
21833
19756
6388
2429
22247
11101
4884
17322
9342
13850
2704
7891
10376
982
10848
20888
21879
15894
16531
2883
14682
23145
6419
11865
20093
19093
14543
19394
6288
21427
13557
1463
12025
994
14179
4274
10898
2970
5421
7623
19326
5498
13712
22132
10341
2379
12679
3511
13938
22116
9202
6671
22898
8518
18815
7463
21712
7954
18882
7171
12608
18342
4366
16384
8199
674
8568
10144
20995
20971
9725
16385
17539
16642
3333
22138
16723
19886
4744
20460
12826
16985
17523
8834
3530
8476
9386
6659
21610
3690
11593
15242
2371
201
5813
1877
2389
12438
17883
5787
2938
7914
321
20661
22924
107
4196
6577
10355
14354
13339
6625
19291
11014
12966
2321
6947
18429
6279
12451
619
10495
22400
16127
2152
5923
15382
22113
8573
9306
14235
5490
5844
18908
15441
21108
22306
22518
5243
7858
12818
11767
1444
18221
10413
14115
7786
14775
9924
9253
8048
10637
10418
4570
12670
18554
19986
2065
13568
20860
15946
18124
9756
14712
19654
9207
17344
11076
14057
3774
18126
10039
10029
704
226
20253
17640
23026
9818
769
4318
21537
18104
18469
18144
14286
10362
16574
1646
11721
10263
21429
9158
6522
20936
7260
2330
752
16273
5992
22164
7779
10679
1207
9397
18455
11558
9803
17135
5159
16182
17572
10356
12950
6642
4332
18066
17693
434
3703
9750
21097
3920
19681
14461
2154
7220
9686
7475
16004
10121
8458
18404
874
11776
5467
16074
8267
6429
3022
12929
2783
17818
5300
22321
21053
14472
21761
17636
8269
14505
18880
19062
14558
12812
11020
21699
22453
10288
15179
14598
972
10287
14195
5533
19021
12584
12915
5841
2771
23038
10447
4875
2216
12092
7470
19330
9925
6485
22672
11541
263
14720
6843
3981
21620
11313
11789
3970
15202
10214
7613
18960
21493
11500
9959
14986
4935
20123
960
1727
16220
17230
5807
8772
14420
15365
17174
6736
19033
5884
2522
1025
3365
18708
13422
17971
12706
15905
2791
6662
10120
6364
21296
16197
13084
17397
8854
12951
94
19789
9988
20951
18685
13597
5982
12656
3396
10787
950
14814
8962
13213
10245
22508
412
2650
11327
9255
9400
12866
4067
15092
2161
5765
124
6785
14065
6214
4773
8562
15142
4296
17213
2266
1181
4757
5798
20230
21717
20887
1922
13658
9543
4408
16263
23002
4800
3628
17158
2833
9246
22683
10733
19903
5505
7826
2481
11355
17703
23024
4946
7240
21138
1967
2712
2653
6742
780
4023
13742
7998
20977
2973
17086
15969
7482
22796
13103
8224
2751
7462
7033
11510
12197
18339
1620
1664
3143
14896
22642
1820
2792
12343
10250
17516
3011
605
8824
8595
16097
21789
16759
9193
15740
4287
8417
13166
15435
1445
15060
2983
13202
11958
18830
9889
2611
9281
18565
9058
7413
8174
5516
741
18301
9800
7530
7640
381
4782
21741
20337
22276
534
3086
12565
729
13211
18209
3268
11759
10946
4505
12846
2978
6565
11546
22593
411
18389
21742
10165
15590
6718
10094
10252
10194
990
10372
2519
8010
8078
5551
1010
10265
21195
14449
11809
14976
20972
21396
19213
18052
19461
7421
239
15650
10357
21250
19222
8922
4275
17386
16810
22523
17266
16984
8442
17973
655
20465
17466
4861
9931
22193
15161
10126
15825
4644
1553
17180
9799
21040
20993
16255
19896
15724
12787
5031
21101
2403
17384
20188
5250
15394
8874
6834
8596
4812
11137
21352
14321
14113
21847
2926
12020
2217
580
16343
176
3842
6932
6562
6596
19089
10018
5593
17474
9676
7597
23036
19745
17004
22156
3566
10019
9559
14742
870
21687
6213
13275
15218
6723
13497
9726
7944
14207
16354
17303
20
15413
11126
19536
10561
14744
19424
836
14131
7101
1658
16023
5352
17310
2397
3194
11671
16608
14537
14069
5580
78
7953
14606
19256
1607
22588
13023
22852
17827
13259
16339
7636
11601
14925
17033
13345
17144
638
20252
3274
20763
3231
11778
21050
15114
8590
18435
2043
15948
4559
7703
3061
8399
384
9000
10789
20648
8784
14761
14666
1985
6232
11407
7029
15148
14571
4636
18243
3712
10546
21536
13302
13360
7691
20060
9642
4256
22220
7541
22409
4917
1798
4962
18718
13025
8718
15851
5985
11709
6667
8419
8374
11135
12712
11085
20902
13292
5796
13128
11406
3360
12885
9213
11441
5708
8689
17557
17338
16363
14082
345
22245
21159
1226
8493
461
7424
7649
15986
12065
8058
7908
21067
1678
4879
20134
10460
3093
21873
3337
6127
15821
20623
14833
12370
1303
10337
8677
18272
74
15725
9561
19572
1499
9506
5786
21568
10702
8749
10947
14766
5477
21329
14688
17562
21124
14303
10575
12636
22920
2622
3284
7381
19311
19940
13580
19847
14691
9485
21927
1957
8426
13445
22545
8740
19442
1906
4512
5972
3391
10995
10603
10795
5761
352
1351
11231
19798
16582
14730
22141
15199
9115
21061
3028
18739
9885
12489
6030
21569
4589
11837
16439
9901
15423
19396
11029
22687
2499
17886
18556
4427
7606
21290
4550
2358
7390
15908
21988
14363
3096
9701
18166
2120
13236
4481
2932
4923
15833
5779
8151
1122
10003
10989
13038
2875
15312
9174
9892
15048
11754
7874
8779
17784
21361
22265
17470
12384
2920
19795
20474
11450
10525
14077
11635
16309
16146
2233
311
13303
1070
11487
8397
5872
17009
9267
7701
6502
7766
17677
13616
20825
8073
20107
16121
11654
6650
12022
13675
11696
16512
9086
16038
18722
22422
10752
13268
8228
1568
20526
3881
5963
11918
10619
8494
12413
13501
22660
11667
17441
14271
467
9835
13293
13585
8111
20073
19849
8368
14945
4905
10049
17769
4466
3328
14434
17907
7896
7197
14211
745
20089
21670
13761
10557
11744
19258
18211
17521
576
9551
12293
10417
342
19169
5067
13604
2996
4359
14395
5242
4619
755
19526
11650
470
2627
21470
9345
11690
20580
11901
14402
12449
9592
14686
6378
9431
5829
12716
727
12446
12122
19813
15915
17672
19095
121
19280
21832
21854
5173
8139
9962
16312
15284
21969
22137
4338
505
15866
1821
3345
12632
9404
17113
8519
18915
16497
2905
5121
18229
5359
3042
14006
16373
1560
3967
16262
18055
16398
6652
3969
19769
1044
17884
6397
4703
9828
14632
18239
2097
6669
16496
2263
8893
1316
1020
12355
16276
17227
10861
16079
14811
22326
22596
15751
3265
14440
2364
9016
22320
4632
12077
11078
14826
14317
19883
8099
7687
14169
7900
2423
17905
21723
12959
2329
8832
3949
10990
10090
712
3699
23095
21280
13138
8668
19770
22915
16090
22447
19860
6792
1059
21297
8190
17985
22366
15437
975
6680
3596
10499
1009
851
7587
744
13125
14874
9772
12061
22876
9413
9147
1792
6954
10696
14588
18642
3818
5302
4278
8171
3814
9292
19592
13258
22961
10467
21333
11952
1686
13257
13490
19315
12671
20561
12115
20080
4358
3474
15957
13987
3812
3710
19032
11186
7263
8301
1860
11010
13919
18448
21338
18481
7278
8498
13067
3849
4022
3987
14685
1250
13515
19401
8536
18483
12991
3063
16
6148
22979
4849
22507
8039
22652
4435
9124
2507
12425
5098
18484
11444
20541
12407
14993
21685
15739
18149
19846
4565
4219
8845
2197
22982
16791
20691
21011
19054
7340
10868
22455
16762
4313
13363
3950
22601
11027
464
8475
7044
12113
1130
2079
7721
4928
3827
12840
6425
17507
7612
2041
845
18917
6035
14221
4289
6664
16183
4403
17362
18852
1100
14443
4266
6115
1976
3032
15649
20002
14960
2869
7538
6111
20885
7153
22886
18045
19289
4085
223
8939
4603
6074
18030
5688
15679
11973
14546
3721
2310
19766
3834
23122
10855
10688
20742
3273
15705
9195
5414
17742
19979
9653
21638
2416
15923
5021
16777
22594
2956
13454
160
23054
5731
14459
5055
5626
18686
13390
23034
8278
3313
17650
16592
1774
6001
17900
17715
6420
13695
21169
20472
714
13904
21625
16219
437
5845
12486
22268
22745
19871
15524
10997
17716
12369
11493
22657
4593
22251
15047
4393
3700
7134
8572
12430
7984
15055
13358
19469
13106
2764
10388
11419
21618
15126
16816
13471
10992
6604
15979
20124
9410
19134
21439
17513
9573
18630
15945
17980
21469
11934
10323
5105
14446
22023
4471
9797
7452
6621
16538
18508
14891
2093
10860
1588
8630
7061
17808
21395
14389
21140
17265
7466
14380
10985
7292
16205
4138
17140
13504
5476
7387
656
5206
16228
16487
4585
16697
14407
3749
20540
5906
15817
13851
9965
20165
21947
20655
8288
4018
2260
13650
16761
10320
18410
20865
12984
11041
16543
11854
22678
12184
4680
17802
9095
14915
1441
22098
16071
8634
1537
1592
12254
2565
22656
6972
7362
20847
21081
7405
4797
21495
1269
8359
3548
16978
2210
16243
11511
8759
8847
188
19348
4086
11673
2167
9041
1958
4633
22215
12170
7886
11507
10690
22020
17500
2539
7521
17495
915
1738
7169
15529
12050
6180
11576
5453
17355
17750
19663
2293
16650
15425
15253
508
11387
14535
18669
14151
6070
2215
11390
20964
9923
13562
16828
7555
15450
8080
4122
246
14484
1731
16444
6836
3438
1598
2714
4032
4781
7933
6375
17306
18798
5748
3154
22874
17169
6373
3866
12575
18358
14637
4343
18097
2998
3062
16184
8605
21604
2581
17573
13362
15720
9540
18427
16394
18381
15331
14397
17461
5392
7493
15464
9295
257
11216
6474
4576
1272
1347
4882
2487
21488
14105
8154
639
8539
12213
11972
16863
4271
4123
12371
1621
4409
16475
18379
3738
18336
1622
21418
16104
14423
37
873
15490
1204
20139
7247
8041
541
11492
9152
452
1097
15353
5052
15492
15071
18801
1418
15408
12848
419
7758
6583
11717
19931
5502
16900
9834
13790
7717
12404
6415
19182
11463
8414
12927
18497
19513
9046
16250
3724
9061
8990
20563
18425
13080
18269
2784
3776
5425
16193
1574
17974
11035
8343
2660
10541
1712
23029
12553
13124
17768
20411
15830
16106
18520
19935
18568
2707
6876
7695
21258
11352
17403
9143
14439
5549
806
21267
20905
5400
14572
11412
842
1197
2700
13890
21173
8844
7453
18009
19842
12111
7772
8850
2102
2443
13016
12363
5620
11692
14090
13788
4472
1165
9060
6743
6134
12474
13216
20882
21240
22549
13507
16753
12284
1739
1948
5223
86
22176
12304
7131
17420
2876
853
14723
15226
12549
1088
5946
21659
17699
10750
7380
22363
22344
7937
22064
13588
13876
6918
15322
8194
10446
22315
21379
5847
1526
10410
15186
16892
10482
9120
20839
16703
7225
9525
15305
14965
17436
11931
11770
22781
19888
1862
20952
4464
7302
19387
13601
83
2085
13609
19020
2219
10900
21694
21121
3555
5057
14308
7862
9309
22582
18885
19828
6371
10783
22947
20745
11349
12167
6536
2155
11472
8896
4552
1911
504
4796
12365
11134
9305
14040
20471
6888
19684
15808
16937
16628
18099
1280
21918
14067
818
17734
20265
22962
15427
5301
7392
17880
6611
20625
22848
6179
6584
16347
19137
10540
4936
11317
11739
20326
2067
22954
1275
19508
12226
10926
21713
6887
6464
13596
17700
13711
3626
4361
20615
8638
8245
14157
614
10075
20202
12227
1624
5805
17363
8157
7301
16391
6114
10756
18296
350
22080
4056
13599
11483
18258
20478
11765
6262
11177
1160
22173
6608
16130
15841
16946
19615
17754
20573
260
20259
20458
12159
18416
12558
20396
15212
22122
14580
20502
8094
18928
2806
6290
2755
12031
1512
21727
13255
7529
6990
18599
13300
249
11863
14316
9293
760
593
7107
22053
4901
4993
11221
5958
8873
13918
2092
1329
4866
19059
14071
18192
8901
3007
21757
15609
21401
22404
6139
377
13470
13042
4176
21972
10746
17173
10683
10936
11354
3982
577
14779
2604
15012
15708
17731
10749
9529
4493
9212
20269
6564
6555
8191
12042
18784
19151
16959
20914
22468
8975
7115
1796
16893
9349
13670
18172
1721
4714
18575
6845
11343
4003
22180
23006
1762
15067
14851
17981
17051
19393
18162
6252
6699
10304
10043
20883
17781
7354
9097
1290
10762
18827
14193
17852
5468
11655
5667
22109
12758
20508
2966
19107
6104
20247
12206
17282
20719
18320
20874
16009
10631
14330
2139
5412
14696
22590
11715
13132
17783
9283
1291
3723
2340
8991
10156
6609
20917
1150
16565
10233
5791
